"","V1","V2","V3","V4","V5","V6","V7","V8","V9","V10","V11","V12","V13","V14","V15","V16","V17","V18","V19","V20","V21","V22","V23","V24","V25","V26","V27","V28","V29","V30","V31","V32","V33","V34","V35","V36","V37","V38","V39","V40","V41","V42","V43","V44","V45","V46","V47","V48","V49","V50","V51","V52","V53","V54","V55","V56","V57","V58","V59","V60","V61","V62","V63","V64","V65","V66","V67","V68","V69","V70","V71","V72","V73","V74","V75","V76","V77","V78","V79","V80","V81","V82","V83","V84","V85","V86","V87","V88","V89","V90","V91","V92","V93","V94","V95","V96","V97","V98","V99","V100","V101","V102","V103","V104","V105","V106","V107","V108","V109","V110","V111","V112","V113","V114","V115","V116","V117","V118","V119","V120","V121","V122","V123","V124","V125","V126","V127","V128","V129","V130","V131","V132","V133","V134","V135","V136","V137","V138","V139","V140","V141","V142","V143","V144","V145","V146","V147","V148","V149","V150","V151","V152","V153","V154","V155","V156","V157","V158","V159","V160","V161","V162","V163","V164","V165","V166","V167","V168","V169","V170","V171","V172","V173","V174","V175","V176","V177","V178","V179","V180","V181","V182","V183","V184","V185","V186","V187","V188","V189","V190","V191","V192","V193","V194","V195","V196","V197","V198","V199","V200","V201","V202","V203","V204","V205","V206","V207","V208","V209","V210","V211","V212","V213","V214","V215","V216","V217","V218","V219","V220","V221","V222","V223","V224","V225","V226","V227","V228","V229","V230","V231","V232","V233","V234","V235","V236","V237","V238","V239","V240","V241","V242","V243","V244","V245","V246","V247","V248","V249","V250","V251","V252","V253","V254","V255","V256","V257","V258","V259","V260","V261","V262","V263","V264","V265","V266","V267","V268","V269","V270","V271","V272","V273","V274","V275","V276","V277","V278","V279","V280","V281","V282","V283","V284","V285","V286","V287","V288","V289","V290","V291","V292","V293","V294","V295","V296","V297","V298","V299","V300","V301","V302","V303","V304","V305","V306","V307","V308","V309","V310","V311","V312","V313","V314","V315","V316","V317","V318","V319","V320","V321","V322","V323","V324","V325","V326","V327","V328","V329","V330","V331","V332","V333","V334","V335","V336","V337","V338","V339","V340","V341","V342","V343","V344","V345","V346","V347","V348","V349","V350","V351","V352","V353","V354","V355","V356","V357","V358","V359","V360","V361","V362","V363","V364","V365","V366","V367","V368","V369","V370","V371","V372","V373","V374","V375","V376","V377","V378","V379","V380","V381","V382","V383","V384","V385","V386","V387","V388","V389","V390","V391","V392","V393","V394","V395","V396","V397","V398","V399","V400","V401","V402","V403","V404","V405","V406","V407","V408","V409","V410","V411","V412","V413","V414","V415","V416","V417","V418","V419","V420","V421","V422","V423","V424","V425","V426","V427","V428","V429","V430","V431","V432","V433","V434","V435","V436","V437","V438","V439","V440","V441","V442","V443","V444","V445","V446","V447","V448","V449","V450","V451","V452","V453","V454","V455","V456","V457","V458","V459","V460","V461","V462","V463","V464","V465","V466","V467","V468","V469","V470","V471","V472","V473","V474","V475","V476","V477","V478","V479","V480","V481","V482","V483","V484","V485","V486","V487","V488","V489","V490","V491","V492","V493","V494","V495","V496","V497","V498","V499","V500"
"1",0,0,0,0,0,0,0,0,0,0,0,0,0,0,0,0,0,0,0,0,0,0,0,0,0,0,0,0,0,0,0,0,0,0,0,0,0,0,0,0,0,0,0,0,0,0,0,0,0,0,0,0,0,0,0,0,0,0,0,0,0,0,0,0,0,0,0,0,0,0,0,0,0,0,0,0,0,0,0,0,0,0,-0.000126782645418342,-0.000129163164668408,-0.000133326234899041,-0.000136016587497181,-0.000138995075016736,-0.00014265125990838,-0.000146325610924667,-0.000148615047244232,-0.000151459307287254,-0.000153291815110595,-0.00015624355805776,-0.000159661312563469,-0.000163294032877449,-0.000166510193861079,-0.000290937153227707,-0.00032553787280086,-0.000335342230269537,-0.000347257092669022,-0.000452533521174207,-0.000475848514937938,-0.000538496799955311,-0.000559716972074432,-0.000580922105906492,-0.000555395977710046,-0.000580081421294611,-0.000587117047676733,-0.00069634922650238,-0.000729384551801245,-0.0145368607044262,-0.0156562443067752,-0.0253575386789501,-0.0267747870760845,-0.0280943378825288,-0.0298715454414406,-0.0313702201725302,-0.0326690821873485,-0.0494573797490766,-0.0556414676782186,-0.0578766913455885,-0.062399467587884,-0.065875089898469,-0.0690593238087991,-0.0693033251793002,-0.069043396718801,-0.0687227717317831,-0.070572484271206,-0.0743958073199481,-0.0901623480156146,-0.0940238900206146,-0.0942550504950709,-0.0952824523611343,-0.0970942397060461,-0.114500509192144,-0.118418675747927,-0.1241699772396,-0.130217519861249,-0.131004257595628,-0.139226355493347,-0.150434804143461,-0.161146769590829,-0.17002200608935,-0.181720076286802,-0.188626105072111,-0.218759311170615,-0.252689829365347,-0.268034893385734,-0.283750029968368,-0.325886680137813,-0.342085416778646,-0.346162634139455,-0.363916007835542,-0.389867824894723,-0.418291974581971,-0.432931072333374,-0.449858959726924,-0.460820087841375,-0.46439653670945,-0.480325161946988,-0.517864099524537,-0.535604486781745,-0.556704395402941,-0.57455798571039,-0.621824043055315,-0.645606411907588,-0.656760546612582,-0.681864883775245,-0.721894933868725,-0.745428925406367,-0.806151229797013,-0.831360394474276,-0.836197997602629,-0.856760037199454,-0.885984905076322,-0.908239576981445,-0.916015804631157,-0.950972128308448,-0.995810963122676,-1.02985468316122,-1.02039564135149,-1.03791742897004,-1.05720606305568,-1.08147366657701,-1.0973870027744,-1.11919270051924,-1.12598823214083,-1.14832406013348,-1.18201536168325,-1.18939495161751,-1.20070384481805,-1.22421335385178,-1.22755867576577,-1.24592664477754,-1.26952316249093,-1.27824162129843,-1.26175399610978,-1.27844418143629,-1.27529698882015,-1.28736284607528,-1.3012581658638,-1.32235778271361,-1.3319963566754,-1.32584407034634,-1.32872878126169,-1.3429949913883,-1.34680822473436,-1.35674263770823,-1.36352820057597,-1.37237409671949,-1.37847669962782,-1.38972659118877,-1.38232545525796,-1.38534336452435,-1.40048552667975,-1.41052698164477,-1.43452664437473,-1.44260178501908,-1.45310466283361,-1.48493700151863,-1.47493073217124,-1.48014597101654,-1.48816110334207,-1.49987098910068,-1.50482055340655,-1.51552034738275,-1.52858326077685,-1.55674452948356,-1.56954338721816,-1.58038637792987,-1.58430604232013,-1.59746161864724,-1.60616187590029,-1.57753328824472,-1.58010942747445,-1.58863717192669,-1.59950614324203,-1.61318778596704,-1.62805911297448,-1.63721649621509,-1.63762445473284,-1.63992483070125,-1.65164052843329,-1.66125622233156,-1.67553648108411,-1.69086879517955,-1.70122939656286,-1.70646471401553,-1.71879805623726,-1.72804677209311,-1.73374858306226,-1.74734520199433,-1.75648106279638,-1.76446067288311,-1.77680847973142,-1.78371591385105,-1.79463587459249,-1.80241354383868,-1.81850986047154,-1.82788889504435,-1.84256960335957,-1.85441271177271,-1.86467976477664,-1.87907457161399,-1.89239391401836,-1.90335677199939,-1.91789909385767,-1.92562765234346,-1.93700190148286,-1.92857456534147,-1.93781722658571,-1.9226312315137,-1.93436926629426,-1.94449761113859,-1.95652246284118,-1.96284388567499,-1.96628531858913,-1.97532497616584,-1.98547011134312,-1.99678280151936,-2.00613368944302,-2.01291687065903,-2.01641094438122,-2.02362327887077,-2.03330088750471,-2.04282625764303,-2.05024555724636,-2.06120545322357,-2.07029792806511,-2.08950327909669,-2.09593169163974,-2.10899463242706,-2.11305241040447,-2.12403358114465,-2.11927393622688,-2.12535823016541,-2.13853020665519,-2.15131220640957,-2.15882073681925,-2.17026570214398,-2.17898353297353,-2.19133900038791,-2.2011053194423,-2.20740485156308,-2.21649771002289,-2.21748379250838,-2.21788140182124,-2.22767001898221,-2.23557204118504,-2.24748585032272,-2.25515915395438,-2.26307602262535,-2.27268955455703,-2.28163673662306,-2.2917487703364,-2.30126367506243,-2.2966395144074,-2.30366805083198,-2.30534064590798,-2.3126853983077,-2.32077784072318,-2.32690069207637,-2.3218545079096,-2.3304875508957,-2.33623222793362,-2.34199596954693,-2.34627155101092,-2.3541373827604,-2.35961361332793,-2.36741231859642,-2.37743375305365,-2.38446462437868,-2.38996968235186,-2.40249077110743,-2.40974753744733,-2.41634367565466,-2.425974760743,-2.43107914230109,-2.43861729982054,-2.44442054044804,-2.45247478117166,-2.45887257155928,-2.46596046055106,-2.47608636746447,-2.46719627814622,-2.4761304930692,-2.47837134005357,-2.48731112916295,-2.49195967445739,-2.49939014850766,-2.50554386103111,-2.51171929327928,-2.51625695842642,-2.49927022305472,-2.50623250700159,-2.51799640413063,-2.52577465480539,-2.53946616893565,-2.54552110351648,-2.55548467346165,-2.56184336613154,-2.56271749696302,-2.57668426758596,-2.58326236784776,-2.5919224739379,-2.60154852528449,-2.61094701804886,-2.61599233728162,-2.62472214739153,-2.63675455567903,-2.65063918045867,-2.65006541984345,-2.65384400796892,-2.66447692122759,-2.67398177299068,-2.67777248440976,-2.67864371732292,-2.68243082286313,-2.67700039928681,-2.67222412418515,-2.67163763932202,-2.66939069085126,-2.68101644337585,-2.68725111762488,-2.68978337372731,-2.68679955874579,-2.69173749223077,-2.69326155902156,-2.70233224152346,-2.70797560205469,-2.71531578956341,-2.71534433463805,-2.71233981407663,-2.70872600401748,-2.70572737913948,-2.70610971729542,-2.70585285484262,-2.70698072378164,-2.69785971655875,-2.69998375286972,-2.69427713539235,-2.68440647244061,-2.68098572263599,-2.6847916509191,-2.68339779032971,-2.68159523603824,-2.68141058862685,-2.6759324576287,-2.67059437689713,-2.66334825220185,-2.66244561901133,-2.66272391586593,-2.64678206081091,-2.63750267497269,-2.632741307277,-2.62686698729362,-2.62684740407752,-2.62884125675764,-2.61932335901454,-2.61451108648088,-2.61342610233847,-2.60109871116319,-2.59835279146875,-2.58911556707561,-2.58437817689159,-2.5791034683038,-2.56302405878705,-2.56042420371623,-2.55028210796878,-2.53792869663523,-2.53013223927809,-2.51975740830078,-2.5120439962802,-2.49853698794983,-2.49168146266164,-2.47853934273475,-2.46764005240689,-2.45476145348545,-2.44585287350554,-2.43358665398295,-2.41788156609992,-2.4079915320516,-2.40246918781721,-2.38423078703175,-2.37381511333343,-2.36361656798845,-2.35453580219306,-2.34899593333471,-2.34041981843501,-2.33337001424586,-2.32016194412769,-2.30313963338718,-2.29871243499467,-2.2927282933219,-2.2873941852754,-2.27589336947404,-2.26938118896693,-2.2491887591429,-2.24651947673091,-2.236430980109,-2.22169333989627,-2.21402140925416,-2.21417255548646,-2.21658637740075,-2.19760503875242,-2.19064745496448,-2.17765149856338,-2.18835588758412,-2.19134219694844,-2.18920941833412,-2.18897370635205,-2.18849772325966,-2.18427385016254,-2.19312090169761,-2.19974666122881,-2.19628006082728,-2.19317139096623,-2.20475177474825,-2.21030524950631,-2.23296783406642,-2.26159891541667,-2.26799043198705,-2.2978349145749,-2.30999824132788,-2.33188906198381,-2.35109051044733,-2.3757735531864,-2.40581177801963,-2.45149026404489,-2.55498883274535,-2.60683699126848,-2.64390106010349,-2.80990275620761,-3.28204991250609,-3.6021080788884,-3.65267544185451,-3.95469349845293,-5.25630631123187,-5.76794909093843,-18.9940775932701
"2",0,0,0,0,0,0,0,0,0,0,0,0,0,0,0,0,0,0,0,0,0,0,0,0,0,0,0,0,0,0,0,0,0,0,0,0,0,0,0,0,0,0,0,0,0,0,0,0,0,0,0,0,0,0,0,0,0,0,0,0,0,0,0,0,0,0,0,0,0,0,0,0,0,0,0,0,0,0,0,0,0,0,-0.000170127410844399,-0.000173321787922923,-0.00017890813893464,-0.000182518275955125,-0.000186515056178969,-0.000191421226634171,-0.000196351773893787,-0.000199423928383509,-0.000203240591108054,-0.000205699601253397,-0.000209660493404074,-0.000214246718301333,-0.000219121402050832,-0.000223437112132431,-0.000411231720552283,-0.000550717546257878,-0.000567107362958123,-0.000587257827643209,-0.00070639213339765,-0.000739860864755426,-0.000835665380102038,-0.00086672304183432,-0.0008970812594359,-0.000889816254027821,-0.000929375542625841,-0.000974417261452261,-0.00125413265855377,-0.00131028307892203,-0.0156369708520938,-0.0167761405353662,-0.0303712962380629,-0.0317788413931839,-0.0334600052712781,-0.0354347453501342,-0.0323581300886639,-0.0337325492618108,-0.0685815240750949,-0.0800231308666459,-0.0831178005019141,-0.0949749667443441,-0.100285816208886,-0.105658715529568,-0.10786710466781,-0.119180203795449,-0.13207759021606,-0.13819225344696,-0.153824880852416,-0.181655372393557,-0.190692779146075,-0.193532773824231,-0.185571251710319,-0.191041046912031,-0.197478904010625,-0.204347512042344,-0.215072051299247,-0.23927257819161,-0.240680449459379,-0.2780291422755,-0.298048685747224,-0.317084299147163,-0.325095637177472,-0.33380085702845,-0.339328408024582,-0.390449517089249,-0.433321740197062,-0.472467467850101,-0.499321894239265,-0.589855297067721,-0.605909166424603,-0.610159317025077,-0.633915098275329,-0.67696811869158,-0.716629209499217,-0.744152782035662,-0.751910271331024,-0.786846545982386,-0.807124109281067,-0.835605253699596,-0.91723646246243,-0.93060487787706,-0.961824608693231,-0.984869748006488,-1.08601765547652,-1.12459786119532,-1.12610773535206,-1.20242256763477,-1.22469295286979,-1.24573389382029,-1.33620545002019,-1.3835030995744,-1.41344319957931,-1.45783369558326,-1.50133757332048,-1.51246619145543,-1.53219955891494,-1.57870525149141,-1.66168657941007,-1.71053404466365,-1.66869912711725,-1.66677957168567,-1.70040347954244,-1.72181083667626,-1.7170493702209,-1.74041695463207,-1.76186556387006,-1.79187273621802,-1.85885619254584,-1.89355101102219,-1.91242314990835,-1.935829040329,-1.95209852210617,-1.98445694782394,-2.01938999842605,-2.02969852211353,-2.01307090278579,-2.0128910093089,-2.02015140022824,-2.05097187701352,-2.07691548214147,-2.12188136148247,-2.14616856495871,-2.12068765640455,-2.13183095482581,-2.14849608735691,-2.16904688801647,-2.19477885007109,-2.20105360952106,-2.21822682460571,-2.22764789606172,-2.23178820146401,-2.21608341572768,-2.21521626432889,-2.24694868812819,-2.26320235533648,-2.3017534921754,-2.30999641993092,-2.33304828254013,-2.3884419818345,-2.38691196459962,-2.39753358729648,-2.41342083952286,-2.43815902276931,-2.43873137937472,-2.45111959897266,-2.47520378548124,-2.51244377622563,-2.53080298942099,-2.52918903607721,-2.53727227700246,-2.55754226169953,-2.57255884297861,-2.55742545898847,-2.56805684443402,-2.57179140646969,-2.59579875357381,-2.61800859418809,-2.64501684418198,-2.66310571186708,-2.66845982812517,-2.68031693952301,-2.68829953209788,-2.7081963858257,-2.73383545767742,-2.76123498030368,-2.78521933951905,-2.78202546324687,-2.80162246068455,-2.82115368958588,-2.83012824545178,-2.84939939346536,-2.85511554377723,-2.86972063779305,-2.88997607203772,-2.90630633010658,-2.93103279756597,-2.94580697804911,-2.97223784017934,-2.99447083487583,-3.02436446093758,-3.03710443507258,-3.05633340611827,-3.08480491124369,-3.11013495827833,-3.13013853765853,-3.16675167972166,-3.18328831863866,-3.20370717684467,-3.20565239806013,-3.22383919044077,-3.21608253031642,-3.23942852804264,-3.26000381090291,-3.28465890679077,-3.29848025615217,-3.29256660506345,-3.31053322532446,-3.3289092984447,-3.35025237375667,-3.37033615261641,-3.38468215935598,-3.3969163600564,-3.41484197887792,-3.43570866978718,-3.45843023998102,-3.47752961533024,-3.49779438446727,-3.51882756063641,-3.54955443009532,-3.56840055702225,-3.59192712235762,-3.61478292434119,-3.63546311074029,-3.64521264500991,-3.65513185616585,-3.68159086943847,-3.70786141228451,-3.7177194325678,-3.7413870613764,-3.76178943068192,-3.78660968584014,-3.80730899883494,-3.82374400608433,-3.84277916389567,-3.85452863669096,-3.86798139113195,-3.88966033956815,-3.9095178074961,-3.93449760548928,-3.95265014881414,-3.97474674221704,-3.99742388023608,-4.01917404253311,-4.0424265323168,-4.0550564680751,-4.05693002078596,-4.07781610900308,-4.09036814902792,-4.10946581882437,-4.12589708148061,-4.1393589031429,-4.14111831395293,-4.15347034350503,-4.17375899308139,-4.19287844583226,-4.20811041661153,-4.22317164231444,-4.23669850830917,-4.25665009479009,-4.27597895110798,-4.29585993535978,-4.31259421721547,-4.33969550710252,-4.3594449322168,-4.37767049114313,-4.40219208942013,-4.42114652853008,-4.43519342443014,-4.45532830264496,-4.46731317487172,-4.48996952682916,-4.51452021240071,-4.53945240179574,-4.54229171819881,-4.55452947480007,-4.56808358611231,-4.58400342865157,-4.59682100979391,-4.60905991850459,-4.63203751697253,-4.64702059851492,-4.66237211808325,-4.66035962031566,-4.6840010766141,-4.71123176007406,-4.73494122277582,-4.75872180072599,-4.77485084827462,-4.80215517140527,-4.82242869951568,-4.82288865362338,-4.84749557842245,-4.86570760683749,-4.88535094728824,-4.9053833587091,-4.92589953067493,-4.93839740415157,-4.95758651812649,-4.97667417887839,-5.00372353873347,-5.00815366861661,-5.0170857342654,-5.04283025102165,-5.0679780763062,-5.076022008895,-5.08518054103616,-5.09646317812832,-5.09767144371577,-5.09745978103328,-5.10065363892301,-5.10275484785371,-5.11910407532739,-5.12954609475207,-5.13382827541574,-5.12748015739015,-5.13522787201384,-5.13426568744366,-5.14973052424956,-5.15562264778899,-5.16650254098381,-5.16708271624299,-5.16619995560024,-5.16393583042779,-5.16808243216966,-5.17117950587235,-5.16723863258767,-5.16894431014606,-5.16143581485529,-5.16092517665099,-5.15740535171731,-5.14288234867671,-5.14328522439772,-5.15138610363721,-5.15687619877452,-5.16226192849293,-5.16149680920223,-5.15325054324174,-5.14623965927664,-5.1281919409494,-5.12465934972272,-5.1243966527776,-5.10903895312882,-5.0946627168329,-5.08742590394406,-5.07279365885184,-5.07159797282223,-5.07293277248486,-5.06185467344727,-5.05647687121114,-5.05175103373248,-5.03296453312992,-5.03048961295921,-5.02596040761597,-5.01713382620092,-5.00753938370632,-4.990207012301,-4.98645872176175,-4.97067266656461,-4.94990992674864,-4.93940547043717,-4.91642864938238,-4.90200693293338,-4.87756171542268,-4.8610858978342,-4.83786342463572,-4.82393453362915,-4.80794683219568,-4.79371385096858,-4.78008909000967,-4.75363120203274,-4.73788022607017,-4.73467430094534,-4.71590524523291,-4.69566877420681,-4.67410726716694,-4.65799967127794,-4.65294010583664,-4.64284408949923,-4.62974619646425,-4.6109090410633,-4.58645056945168,-4.58002943509576,-4.57915352781372,-4.57825908021725,-4.55845748160102,-4.54119278931042,-4.52160131320428,-4.52671711138488,-4.52185884676801,-4.5070254025204,-4.49835910604578,-4.50967124856561,-4.52473215457415,-4.50048732952191,-4.51047988454374,-4.50984500872304,-4.54159310239442,-4.54717172055989,-4.56133890210122,-4.57047154581293,-4.5842977501147,-4.59968091438592,-4.63209642695134,-4.66228270009817,-4.67106987067275,-4.67098739025479,-4.7227552933993,-4.75379945927627,-4.8149600983059,-4.88677890550559,-4.93439463924585,-4.98895191278943,-5.04741277603666,-5.13204698578322,-5.19807681489289,-5.30171496399643,-5.38713429709539,-5.51722343956442,-5.7301534043089,-5.91220926049266,-6.15800246343826,-6.7749107304783,-7.98100410532135,-8.91770616924003,-9.66006350543161,-11.3456378369089,-14.5272320658769,-15.8517806813465,-33.7188558490698
"3",0,0,0,0,0,0,0,0,0,0,0,0,0,0,0,0,0,0,0,0,0,0,0,0,0,0,0,0,0,0,0,0,0,0,0,0,0,0,0,0,0,0,0,0,0,0,0,0,0,0,0,0,0,0,0,0,0,0,0,0,0,0,0,0,0,0,0,0,0,0,0,0,0,0,0,0,0,0,0,0,0,0,-0.000299129584716877,-0.000304746155757278,-0.000314568458053683,-0.000320916046501356,-0.000327943457326153,-0.000336569819906593,-0.000345239043442504,-0.000350640714414483,-0.00035735143040159,-0.000361675029285157,-0.000368639339258836,-0.00037670315179866,-0.000385274152311608,-0.000392862327303872,-0.00123436233544076,-0.00146832145453389,-0.00151476604928653,-0.00157373853772296,-0.00175014894223587,-0.00182304374677419,-0.00195219687206248,-0.00201361712486974,-0.00207932543059921,-0.00223468608322082,-0.00231790262676573,-0.00200764671318879,-0.00211704769575281,-0.00219456657441659,-0.0131272952340585,-0.0143209536009772,-0.0359313855536521,-0.0374527816329913,-0.0394931989474975,-0.0407284582247754,-0.0429152665776233,-0.0447167431517913,-0.0831721346746041,-0.0928870227181498,-0.0967109643015771,-0.109916883728821,-0.114185004271508,-0.120297529799172,-0.1281917638085,-0.136752930082282,-0.146835830544929,-0.153241404209068,-0.16925560228636,-0.200620515550573,-0.209041945528516,-0.214124915618171,-0.211334492658307,-0.213399598574629,-0.238021505039117,-0.247047003394972,-0.259922973797436,-0.283897686154301,-0.29129466155532,-0.327409314260274,-0.343026287337441,-0.356011969185374,-0.372826491042782,-0.404168204470535,-0.41587206869988,-0.471342566658478,-0.532138044889818,-0.571854809865476,-0.605576146079042,-0.702879403489649,-0.735214567278972,-0.74106961553709,-0.765005716750897,-0.819792183411388,-0.867103810390195,-0.891133626404035,-0.913123548231447,-0.940674447994513,-0.952054421153264,-0.976917317865738,-1.04917943062364,-1.07571164963169,-1.09211871927039,-1.12130524358243,-1.20825266608946,-1.23910517742166,-1.25943749020454,-1.31097349893951,-1.36157735501487,-1.39959798748646,-1.48803938475114,-1.53635106154706,-1.55605461361331,-1.58789125101719,-1.63168022186168,-1.64921413951423,-1.67328454911715,-1.72648867227942,-1.80500213384255,-1.87062705189952,-1.87427573919084,-1.90978416453676,-1.95366241678926,-1.99151992673003,-2.02196914681713,-2.05826824362267,-2.07827336939946,-2.12109969442343,-2.20477201630388,-2.23021155282345,-2.25112848788786,-2.29419542741716,-2.31592510972918,-2.35990748952784,-2.41039122256338,-2.4369100213032,-2.43982664290704,-2.46445398418687,-2.46912490552972,-2.51351503722522,-2.53393045401851,-2.57241015842313,-2.59474264972806,-2.59538638899241,-2.61503461532035,-2.63727872763309,-2.65792327099118,-2.69216252277789,-2.70895147419548,-2.72676320608402,-2.74320365391521,-2.77543811187355,-2.7801244243927,-2.79436564071051,-2.83309109358448,-2.87408780862602,-2.92263775309701,-2.95270656509323,-2.98425279305811,-3.03552009488038,-3.04278643496278,-3.05783511819513,-3.07435584640135,-3.10848498211938,-3.12873403743717,-3.15503841644325,-3.18164349211715,-3.23549415752653,-3.26669590906558,-3.29815628999329,-3.31622884988356,-3.34520803957429,-3.37136896247198,-3.36473886759521,-3.37834800243279,-3.40763960614539,-3.43568759817035,-3.47431604181938,-3.50544089138254,-3.53225389546938,-3.55095790773157,-3.56690099629606,-3.59659906935989,-3.62802822863532,-3.6626394799315,-3.69765967313249,-3.72979522061965,-3.7454400745312,-3.77561402279729,-3.80738477734221,-3.82692406500624,-3.86929828916312,-3.89831118002593,-3.92406020915463,-3.960450587583,-3.98943267276219,-4.0284611861254,-4.05749632718058,-4.10225985491145,-4.13316869746514,-4.17055899799958,-4.20381538082345,-4.236654629551,-4.27299761307079,-4.30942876793738,-4.34577884889277,-4.39038358097969,-4.42186102127901,-4.45152271391051,-4.46784020125555,-4.49841844779259,-4.50244747050996,-4.53508611249797,-4.56732573000002,-4.60237409672371,-4.62895145707896,-4.65777319784583,-4.68669944573856,-4.7188218754848,-4.75383139958575,-4.78816499037548,-4.81918592125734,-4.84874951171754,-4.87985859314549,-4.91153058901838,-4.94786140535676,-4.98006247843654,-5.01223873368654,-5.0434451846502,-5.0931256908387,-5.11992909251308,-5.15474315263132,-5.18539306153424,-5.22151907389386,-5.2403356518533,-5.2677292810963,-5.30672470904084,-5.34654724878707,-5.37667372575239,-5.41473248028793,-5.4454495090856,-5.48406814910346,-5.51637383543132,-5.54867203677371,-5.57806947486304,-5.60293468602935,-5.62851651501572,-5.66057150637533,-5.68987255315023,-5.72768404250571,-5.75783209956064,-5.78976793870051,-5.82589004298654,-5.85639936436922,-5.88944166800817,-5.92463364563117,-5.94171352271458,-5.97233997103341,-5.99491766969071,-6.02439846590526,-6.05916796662647,-6.08978886544391,-6.10460696973277,-6.13498905813225,-6.16355072290352,-6.19358515374299,-6.22246010581768,-6.25540740851327,-6.28172628647303,-6.31121875490045,-6.3472926927712,-6.37962680895476,-6.40970619086263,-6.447702636613,-6.48082836654665,-6.50905971744303,-6.55139293316472,-6.57809408332397,-6.60727223416644,-6.63575030701391,-6.66599626080285,-6.6941157167886,-6.72513174374224,-6.75980670911899,-6.77306527595175,-6.80330770449565,-6.8219391955311,-6.85099001001907,-6.87342022730146,-6.89802471515776,-6.92537849729054,-6.94988684970273,-6.97465820312245,-6.97946152271166,-7.00484871856612,-7.03715354041458,-7.06291130869458,-7.09853047756705,-7.11951824381974,-7.14689328491604,-7.16990458383139,-7.18367326666122,-7.21751866453884,-7.24290285342255,-7.26817590347852,-7.29450989817602,-7.31644177466421,-7.33662216477422,-7.36295169588734,-7.38909508260314,-7.42312580701576,-7.43186239663438,-7.44564239556811,-7.47434532282132,-7.50202816083445,-7.5160424189204,-7.52832196194628,-7.54302405589349,-7.54883460581344,-7.55162127976685,-7.55471626693812,-7.55521189359689,-7.58268882664717,-7.59767029162072,-7.60523916562765,-7.59885709079397,-7.60985113400294,-7.61075144814954,-7.6209087626851,-7.6297255842785,-7.63732327860645,-7.63930290928556,-7.63627121502084,-7.62899730609091,-7.62496218791845,-7.62250501950709,-7.61965463560478,-7.620804834765,-7.60588819532673,-7.60380788336911,-7.59414172617408,-7.57609104154191,-7.56577580895712,-7.57196364110986,-7.5689510196925,-7.56673625828741,-7.56086696932126,-7.54442609680294,-7.5303259981329,-7.51191898017132,-7.50299097025941,-7.49349574205411,-7.47024034673728,-7.45357337564424,-7.44146784474245,-7.42463724698659,-7.41783025729373,-7.41159985189257,-7.39396449113435,-7.37876600905657,-7.36486252813197,-7.3406439430312,-7.32789459998829,-7.30659215173525,-7.29562779357995,-7.27291161916153,-7.24826033014374,-7.23691445764205,-7.217614933771,-7.19408977872958,-7.17305272361822,-7.14652572800594,-7.12475268740046,-7.0961832808402,-7.07478771733059,-7.04300639159692,-7.02114532172975,-6.99875526849798,-6.97491748533419,-6.9454708266648,-6.91124710887116,-6.88773759632745,-6.86916073013137,-6.8379969674232,-6.81219840668006,-6.78376459853358,-6.76280116666156,-6.74364903722421,-6.72035612836352,-6.70309754802735,-6.67261924519887,-6.63902553020206,-6.61752057782618,-6.60324665014282,-6.59029752968446,-6.56284226525582,-6.54255235643061,-6.50248353826625,-6.49061831549857,-6.47121054140267,-6.44800910493362,-6.42971508020052,-6.42581170094613,-6.42458291457949,-6.38655715756368,-6.3675325104101,-6.34458226804595,-6.35273182215036,-6.33086743719594,-6.31244172989337,-6.29774818115961,-6.29121715739845,-6.27224091902831,-6.27267160597511,-6.26881352847829,-6.24500916282729,-6.22650631231262,-6.23585564464343,-6.21823868463312,-6.23219119083947,-6.2513332432401,-6.24704644129767,-6.17496519186195,-6.15947190207918,-6.17825923959021,-6.19902139768943,-6.22588422789603,-6.21452808552122,-6.12148062080814,-6.13624563222423,-6.13019148781407,-6.1069153714715,-6.19293946208312,-6.87950465477732,-7.11557731859102,-6.99398090640038,-7.36841483509425,-8.70406147005595,-8.08019913351356,-27.6653597028591
"4",0,0,0,0,0,0,0,0,0,0,0,0,0,0,0,0,0,0,0,0,0,0,0,0,0,0,0,0,0,0,0,0,0,0,0,0,0,0,0,0,0,0,0,0,0,0,0,0,0,0,0,0,0,0,0,0,0,0,0,0,0,0,0,0,0,0,0,0,0,0,0,0,0,0,0,0,0,0,0,0,0,0,-0.000256802829149015,-0.000261624656901884,-0.000270057106072237,-0.000275506512466388,-0.000281539546554635,-0.000288945281156309,-0.000296387811899815,-0.000301025147885988,-0.000306786299370668,-0.000310498110178205,-0.000316476972168753,-0.000323399757408848,-0.000330757963660649,-0.000337272413937895,-0.000562361391469926,-0.000726586071312375,-0.000747191113377191,-0.000770770200744386,-0.000993135230334534,-0.00104163103302513,-0.00393132993232777,-0.00413913626567371,-0.00429729099211389,-0.00669209722521257,-0.00717812761968191,-0.00752197734156178,-0.00882864827990557,-0.00917709195898765,-0.0144665562713121,-0.0136510976762216,-0.0340570713886052,-0.035620998743294,-0.0374499582734823,-0.0391611704004154,-0.032759853590781,-0.0320311966751572,-0.0675508725147649,-0.0738810788718014,-0.0749116563619172,-0.0890023262821291,-0.0944122644256478,-0.0975591506942148,-0.104526766139998,-0.111783032568733,-0.11488740743755,-0.112066744526817,-0.127205285885262,-0.151168825546277,-0.158482062970761,-0.158524017178819,-0.151692357588113,-0.156441663548052,-0.174665322665304,-0.174779012189993,-0.185948502852794,-0.203849378219663,-0.207139185717405,-0.232546408978972,-0.23056816275388,-0.238337825557868,-0.244293775367377,-0.260666660994091,-0.261301512439956,-0.299231239638,-0.347986565215986,-0.370509103809432,-0.387907791321395,-0.478375849297527,-0.491341670778349,-0.512144209819236,-0.526884410769247,-0.566168314634431,-0.608561738277894,-0.609348782386016,-0.630331517132355,-0.65695523953607,-0.67044874204443,-0.689725600053845,-0.744319472043279,-0.753224448838878,-0.773305802290393,-0.791042633503743,-0.880204886272566,-0.899173240460295,-0.923708853059404,-0.978240727947845,-1.0352392888206,-1.0586882327458,-1.14986407148651,-1.19447206073957,-1.21308206196852,-1.23934172472587,-1.27861475784862,-1.30953596056528,-1.33288817906627,-1.38619056184649,-1.46709473961005,-1.52695753105059,-1.52036404197325,-1.55028696281803,-1.59402660149142,-1.62818969439797,-1.64994775781398,-1.68129566512989,-1.69830650499612,-1.74251673352613,-1.83050585379514,-1.8612521605627,-1.87701177317361,-1.9236804454829,-1.94914809749184,-1.97720875396794,-2.0187534241444,-2.04165701261423,-2.04498434275061,-2.07293888698743,-2.07316912127335,-2.1105178068894,-2.13866334732479,-2.18131616133441,-2.21204658775467,-2.21438546023602,-2.23263808800001,-2.2543587530325,-2.27259278167685,-2.30086255654351,-2.31583247073148,-2.34477018405868,-2.35916135870109,-2.3958487788049,-2.40463712332371,-2.42334067277938,-2.45919984176553,-2.50287248963241,-2.55221136776303,-2.57597047301231,-2.6034713404292,-2.65359159881885,-2.66494254986461,-2.68737239817448,-2.70989156686468,-2.74427062961809,-2.76305835088787,-2.78821367555258,-2.8124662246643,-2.86265095124917,-2.88889503757301,-2.9113550358065,-2.93100123254303,-2.9575924429889,-2.974858847672,-2.95177868606289,-2.96839892324341,-2.99691007166194,-3.02168873353441,-3.06209816379842,-3.0959646754031,-3.12215314620371,-3.13591358098036,-3.15277598274922,-3.18137200611473,-3.20635062521445,-3.24316490988147,-3.29018988652876,-3.31800730590665,-3.34058400917258,-3.36940343936894,-3.39892635884412,-3.42337662709115,-3.4634349381877,-3.49256671268816,-3.51965831271789,-3.55448039041635,-3.58456350142849,-3.62569001731599,-3.65742351757741,-3.70476500662268,-3.73483930976424,-3.77038881759818,-3.80711980306031,-3.83817620915236,-3.87904130442348,-3.90903526988302,-3.94514123215279,-3.99064389143546,-4.02130466804705,-4.05332339168085,-4.06259790557591,-4.09396398225548,-4.10372368842868,-4.14028744609504,-4.173893901865,-4.21029980879734,-4.23836482314763,-4.26191045361768,-4.29581599116722,-4.32581177757517,-4.36294501591963,-4.39647740279646,-4.42621317564838,-4.4571792134349,-4.48752618445558,-4.51937401869746,-4.55520554241014,-4.58652991171267,-4.61994295550363,-4.65068105050478,-4.70364434640778,-4.73365983249946,-4.77203927826336,-4.79818037562746,-4.8337362433917,-4.85483834538695,-4.87936946112525,-4.9180698880992,-4.95777616346977,-4.98179395969473,-5.02044065132998,-5.05382044794861,-5.0892812124363,-5.12138427616162,-5.14745413753161,-5.17862074147261,-5.20126869394121,-5.22569195394515,-5.25881125637228,-5.28890932926536,-5.32701809594921,-5.35960385537491,-5.39247951529667,-5.42938296438116,-5.46419223012951,-5.49713974346154,-5.53289966405459,-5.55100881673448,-5.5831573506314,-5.60723240200994,-5.6376158529943,-5.67006402032028,-5.70307484314362,-5.72158413816124,-5.75035368328974,-5.77992853211121,-5.80999217389632,-5.83884223137774,-5.87315255605385,-5.90017640103132,-5.93129620227412,-5.96782603388677,-5.99867905581414,-6.02790405130095,-6.06243629420688,-6.09647934267878,-6.12193596378379,-6.16173845166281,-6.19005446674807,-6.22189519182855,-6.25150994094158,-6.28335456998748,-6.31192579058644,-6.34359391488185,-6.37933809630876,-6.39174033923106,-6.4238398063759,-6.44547762189986,-6.4753487330715,-6.4965383196949,-6.52300100214826,-6.5514095224522,-6.57986142891903,-6.60655944819431,-6.61427917077034,-6.64371676150285,-6.68013561045355,-6.71176813871632,-6.75036404358325,-6.77571013234044,-6.80617831109975,-6.83572645674671,-6.85707621087579,-6.89675468943888,-6.92644745614457,-6.95735692066856,-6.99122162066217,-7.01880838596889,-7.04215645427369,-7.07313414818681,-7.10493293673992,-7.14587497579775,-7.15721083061982,-7.17641118400101,-7.21034871339703,-7.24621254296243,-7.26717713433637,-7.28444867022631,-7.30265718846297,-7.31690625077679,-7.32812532787012,-7.3373096932359,-7.34708786744129,-7.37884881779843,-7.40064329179507,-7.41333704272912,-7.41799385652055,-7.43574244782025,-7.4450574523181,-7.46168052680062,-7.47901082444884,-7.49643184156454,-7.50894489622766,-7.51445885002529,-7.51720811295621,-7.52283648587263,-7.52818750003494,-7.53094570616446,-7.54025976903236,-7.53477659274308,-7.54410661850613,-7.54041126210601,-7.53092967994419,-7.53208228914153,-7.54817418593956,-7.54752972114313,-7.55059193162477,-7.55563903361754,-7.54899218580427,-7.54272068318735,-7.53379237766416,-7.53288926846904,-7.53653625443427,-7.52154544316097,-7.51422187026209,-7.51276114505504,-7.5030619149329,-7.50307778052363,-7.50720135987158,-7.50042862769757,-7.49561478501487,-7.49496464439301,-7.477452587,-7.47246291556113,-7.46649249075818,-7.46721269265957,-7.46084450784463,-7.44594020401723,-7.4431116364251,-7.43327031920154,-7.4175009767946,-7.40913724643586,-7.39432317015673,-7.37951925509388,-7.36232047100922,-7.34683489789968,-7.32386791201864,-7.31321036338446,-7.29811783481454,-7.28320576199674,-7.26610131763931,-7.24075200480708,-7.23032962890635,-7.22450981314958,-7.20680204859736,-7.18778158893957,-7.17274813808035,-7.15878189505104,-7.14582209591296,-7.12920781534803,-7.12256352919316,-7.10261309900701,-7.08241852186774,-7.06693345124513,-7.06601953033884,-7.06434374758556,-7.04932904579637,-7.03808597584453,-7.01579506359718,-7.01786159246233,-7.01807169998726,-7.01143078778709,-7.01035452750509,-7.01689711098486,-7.03245643922156,-7.00554031463296,-7.0017126358039,-6.99255748924498,-7.01472108709827,-7.01414114380791,-7.01427477304239,-7.02014770684518,-7.03618288999784,-7.0376070931284,-7.0582338542581,-7.07789605311229,-7.07243890160585,-7.07726001288497,-7.11464199855547,-7.11349921704869,-7.15360351989741,-7.22307961887341,-7.2524695090342,-7.30970324166916,-7.35895561748679,-7.41838717611728,-7.46097996091104,-7.54231412670331,-7.60593030572719,-7.70483294344603,-7.89919156454441,-8.0298984537977,-8.15300673111218,-8.45061418096465,-9.40796116672917,-10.0171315908627,-10.4244526465439,-11.1821816538529,-13.4287332766122,-13.2583455604921,-34.5405517655056
"5",0,0,0,0,0,0,0,0,0,0,0,0,0,0,0,0,0,0,0,0,0,0,0,0,0,0,0,0,0,0,0,0,0,0,0,0,0,0,0,0,0,0,0,0,0,0,0,0,0,0,0,0,0,0,0,0,0,0,0,0,0,0,0,0,0,0,0,0,0,0,0,0,0,0,0,0,0,0,0,0,0,0,-0.00023369507430277,-0.000238083022047411,-0.000245756698548365,-0.000250715753853198,-0.00025620592058616,-0.000262945268839213,-0.000269718102226086,-0.000273938159230314,-0.00027918090803002,-0.000282558720904353,-0.000287999590079186,-0.000294299445950821,-0.000300995542572685,-0.00030692380647315,-0.00047487125383973,-0.000576041503180464,-0.000592370993123607,-0.000612554813789574,-0.000768999627268326,-0.000808443617612751,-0.000886989274586041,-0.00092297129577943,-0.000956442593038679,-0.00844297650819799,-0.00898875532452748,-0.00957758502032923,-0.00980296426571574,-0.0102283133398183,-0.0160708856228618,-0.0169698304178546,-0.0382435850817169,-0.0399654067186969,-0.0421438693928853,-0.0445342927536813,-0.0464718309143957,-0.0481092423649541,-0.083181964676703,-0.0932240805675265,-0.0969946094259413,-0.112250353620747,-0.119745388638895,-0.125017676492273,-0.127986640769352,-0.139653498605721,-0.138241436055507,-0.144103660604511,-0.164272491617149,-0.195368106777184,-0.197903116236323,-0.202269757639285,-0.200464277911875,-0.206061096455601,-0.236642052891642,-0.24064832786637,-0.25615771035675,-0.282323264011309,-0.289015281633544,-0.325001875193799,-0.328453849084744,-0.344144392713161,-0.362672321951578,-0.399475495808314,-0.413226592081908,-0.467735193054679,-0.522042794623374,-0.561837342415219,-0.592049670118317,-0.705017971457955,-0.72188919661464,-0.739205686773548,-0.773748113759718,-0.833280902091357,-0.887826120119518,-0.889138138951891,-0.920831366304377,-0.95121293404317,-0.964060662263601,-0.997337190836246,-1.07639273312334,-1.09127134043719,-1.10300401419328,-1.13199750004593,-1.23376894911339,-1.26904619679468,-1.28217692731921,-1.34335927536575,-1.40666274827575,-1.42127096435525,-1.50108982142974,-1.54699614349734,-1.55621044073415,-1.59848788278913,-1.65302236585401,-1.69556367086758,-1.719601118856,-1.78423237804664,-1.88704511551087,-1.95349096437493,-1.95577177782504,-1.99421550079018,-2.062262127664,-2.0936855272546,-2.12032514847382,-2.14920245604244,-2.17444131411991,-2.23953534392095,-2.30890304547603,-2.33375842188799,-2.34870791921042,-2.37338212250012,-2.40211795566932,-2.42514564650535,-2.46836574768068,-2.50447149159139,-2.50631483391552,-2.55384320820703,-2.5687918198754,-2.61945574766489,-2.66234079687033,-2.70554326761883,-2.73548276110185,-2.75127196465496,-2.76750230283291,-2.78278812355845,-2.81257913362256,-2.84365820552906,-2.84614763290376,-2.87277217417367,-2.90422473194002,-2.94550169182526,-2.95673976813385,-2.98532020637802,-3.02447506100798,-3.07460748760101,-3.12749897995218,-3.16178970566987,-3.1957179009054,-3.25852191515603,-3.26066482557244,-3.28644854539028,-3.31649145917377,-3.34184399961337,-3.36934038245562,-3.40844250086064,-3.44562365782899,-3.49720756382485,-3.51491601915051,-3.55322016125678,-3.5719337254794,-3.60980014776011,-3.63833233057527,-3.63988819289243,-3.6603355595533,-3.68832673030605,-3.71947957739703,-3.75959247559952,-3.80533122647759,-3.83327595421898,-3.8579265700754,-3.88277281475022,-3.92192138860112,-3.94354191668127,-3.97950910236501,-4.02281235342529,-4.06004918502249,-4.08138626130295,-4.11825264843047,-4.15620246837872,-4.18552466195083,-4.23542787344712,-4.27042797955589,-4.30419497352575,-4.32861129176971,-4.35767796732951,-4.40111694836628,-4.43174265555251,-4.47892270766698,-4.51208746739228,-4.55666983749925,-4.5973747381359,-4.6281825791889,-4.66847417498997,-4.70909174891303,-4.74114755744039,-4.79206393853674,-4.82754294436283,-4.86497391951711,-4.88417454327022,-4.91984004929715,-4.93487282674656,-4.97765897842217,-5.01582917750873,-5.04968894050935,-5.07384425262738,-5.10831608007608,-5.14504665839797,-5.18157065955538,-5.21332248308019,-5.25241975137968,-5.28533771217755,-5.31885748216899,-5.35481908018619,-5.39197839999188,-5.43287482092106,-5.46524788744296,-5.50430359657792,-5.54186244313554,-5.5978096228055,-5.62153701064823,-5.66544670788445,-5.70601600596659,-5.74777352497732,-5.76373991291056,-5.79422382197873,-5.83869423043674,-5.88192885005784,-5.91241079436207,-5.956558809574,-5.9940519756119,-6.03763434306784,-6.07669455713377,-6.11211249941177,-6.14391196581921,-6.17244676280844,-6.20113271882434,-6.23550911240585,-6.26869735849446,-6.31257715828908,-6.34855510925653,-6.38359938454392,-6.42661320386476,-6.4649394615417,-6.50326010502707,-6.54273019018032,-6.56483057468967,-6.5999394675423,-6.62684674769536,-6.66674208752823,-6.70869995831545,-6.74316985871534,-6.76576306180694,-6.80386390192149,-6.8380469794169,-6.87426969489154,-6.91351164319042,-6.95246211052234,-6.98452695531016,-7.02629219301664,-7.07041956512413,-7.11073290632581,-7.14853536536802,-7.19356990787421,-7.24074193821754,-7.27873512349542,-7.33275906392484,-7.37252286279842,-7.41072216798114,-7.44971418627992,-7.48806526320245,-7.52756202878684,-7.5685049255596,-7.61164566601996,-7.63049247169971,-7.66958135917946,-7.699219172415,-7.73211638920503,-7.76562650326913,-7.79884861172731,-7.8385607556933,-7.87430812312202,-7.91096170474356,-7.92866424386194,-7.96771332196515,-8.01080878162628,-8.05182166903623,-8.10276250377393,-8.13128122798588,-8.1659709651351,-8.20127458959791,-8.22575254890305,-8.27038638155363,-8.30771101559505,-8.34504659272252,-8.3877522228879,-8.42564503607848,-8.46201258062092,-8.5006045544161,-8.53887609813683,-8.58607009741485,-8.60787771062352,-8.63424146394591,-8.67432532395276,-8.71961013038482,-8.74518625264124,-8.76933372363448,-8.7940617002433,-8.8109613042575,-8.82638322883132,-8.84803215858497,-8.86423840011683,-8.90606338122702,-8.93438961803497,-8.95619878503404,-8.9649040010703,-8.99255067933947,-9.01189858930099,-9.04143766308647,-9.06721642430199,-9.08833810430891,-9.10211323638042,-9.11024332914491,-9.11638270227519,-9.12757908041104,-9.13759179739929,-9.14767403657368,-9.16439367044871,-9.16362523017843,-9.17659257862644,-9.18145758752445,-9.17581558168169,-9.17720294920876,-9.19439582106751,-9.20487160736204,-9.21206608909822,-9.22395116595958,-9.22585923970143,-9.22694809543012,-9.22552748836498,-9.22883174539291,-9.23185196509389,-9.21676557709201,-9.21246691029564,-9.2066309600915,-9.19377152610829,-9.19814319665173,-9.20300227800406,-9.20032041239032,-9.19702599752568,-9.19158273732425,-9.17522453737167,-9.17456090365607,-9.1679063917234,-9.15986881430556,-9.14908327077738,-9.13123456034759,-9.12050299354242,-9.10135266266018,-9.08121017790496,-9.06383398612293,-9.03891405173936,-9.02065371725326,-9.00052445969038,-8.98332930779211,-8.95174042224746,-8.9325375584813,-8.91434208498755,-8.89570551212757,-8.8705270082995,-8.83432729043083,-8.80577274820874,-8.78138232864402,-8.75052722835199,-8.72031954319891,-8.68415782377098,-8.66052776206358,-8.63990848723971,-8.6156353447685,-8.58911675793353,-8.55382810831596,-8.52278635571417,-8.49494278599891,-8.47317680949762,-8.45971442042066,-8.44093707598882,-8.41005255503945,-8.37330300906858,-8.35771827459195,-8.33606192456115,-8.31142034690708,-8.28974774790887,-8.28928749366044,-8.28064294067161,-8.23387014481543,-8.20671692642103,-8.18142100331977,-8.19167055213443,-8.16780182755197,-8.14588868373381,-8.13076720500472,-8.11439744861459,-8.09471053461682,-8.0958765787982,-8.09233156539811,-8.05787983428654,-8.03707567844504,-8.05809584419324,-8.05243186744794,-8.05796454139341,-8.08463384607542,-8.0929388604805,-8.10316086974052,-8.09083770487004,-8.07817774660193,-8.06295652716249,-8.07668614128157,-8.11147642342462,-8.21924265557771,-8.48439402323511,-8.61935425075852,-8.68297748741037,-8.89717210355895,-9.7743369067345,-9.74238460518493,-10.0020065830995,-10.5451196208251,-11.5972972354632,-11.154968787466,-33.0285213203112
"6",0,0,0,0,0,0,0,0,0,0,0,0,0,0,0,0,0,0,0,0,0,0,0,0,0,0,0,0,0,0,0,0,0,0,0,0,0,0,0,0,0,0,0,0,0,0,0,0,0,0,0,0,0,0,0,0,0,0,0,0,0,0,0,0,0,0,0,0,0,0,0,0,0,0,0,0,0,0,0,0,0,0,-0.0120028612504681,-0.012228231545971,-0.0126223608385835,-0.0128770639081064,-0.0131590455020028,-0.0135051865674117,-0.0138530474697339,-0.0140697946940469,-0.0143390686040846,-0.0145125571527054,-0.0147920067644796,-0.0151155749704025,-0.0154594945797986,-0.0157639773733095,-0.0160747926996514,-0.0163979508037102,-0.0167244966589606,-0.0169476922692466,-0.0174289075900543,-0.0178649614515428,-0.018125332221364,-0.0184123364904238,-0.0187466443786063,-0.0191192443816556,-0.0194359158794369,-0.0199044811299533,-0.0202361813047961,-0.0205533449461046,-0.0177851253663994,-0.0183033531796522,-0.0363482818386698,-0.0376068830726051,-0.0392287747317127,-0.0418509272786453,-0.043806562126997,-0.0451714704867264,-0.0785232249018724,-0.0891738579397345,-0.0926488085538974,-0.107967505011808,-0.113453496261773,-0.11963899249194,-0.128725513579663,-0.139185329435822,-0.150042525177625,-0.156719790995389,-0.175513286063179,-0.204610888013694,-0.213883622465873,-0.219768204812926,-0.220966685376556,-0.22861029007335,-0.258549244528852,-0.268933316765451,-0.289921586540606,-0.315800392281107,-0.330267740306654,-0.370241290339249,-0.397409893864673,-0.420227612040484,-0.444287422398457,-0.480094232856631,-0.49955150642088,-0.56031952071686,-0.624973756938995,-0.67137648400339,-0.709422983341889,-0.791803675067513,-0.825170709222238,-0.825317903122645,-0.865451663120039,-0.921990150627509,-0.974673318565163,-1.01920926690714,-1.05286180692641,-1.09320415236231,-1.12039662956949,-1.16170437125852,-1.24946138337865,-1.29242761929165,-1.32865035824262,-1.36857428236319,-1.43377372199631,-1.44500877295297,-1.48597858082918,-1.54718270050317,-1.58828415093178,-1.61203326873921,-1.71174698886006,-1.77218745297532,-1.80479128378916,-1.84345965629067,-1.91148742664611,-1.95596550398791,-2.00368040134838,-2.06585652074122,-2.17296241747627,-2.25401055951361,-2.27996796338662,-2.30431072205275,-2.35318494046796,-2.40850155880025,-2.46712757345719,-2.44668862699195,-2.50224075456036,-2.55972502102848,-2.6435619922067,-2.69662339285024,-2.73532591017307,-2.812521127455,-2.857841442995,-2.89294013352501,-2.95675118600313,-3.0046718146882,-3.02980810268649,-3.08406146872411,-3.11232064601048,-3.17027312082505,-3.2043594001976,-3.26751746314394,-3.30104044082614,-3.29236762363134,-3.32875869364354,-3.33574826347114,-3.38346050884365,-3.40959442623027,-3.44111153842189,-3.48206543718267,-3.4370615924512,-3.46783693838138,-3.4938258622397,-3.52863349957664,-3.57129582511667,-3.61656539897005,-3.63023568109382,-3.66638234635909,-3.71090493275269,-3.79573841438954,-3.81604146123957,-3.85157050929241,-3.89053462279203,-3.93402233353246,-3.95197540318379,-3.9888402738647,-4.03632525632024,-4.0947428654747,-4.14047772416867,-4.17228357544599,-4.20719329862192,-4.18791503062435,-4.22503983011409,-4.2274396456609,-4.25086311991108,-4.27396008079632,-4.29734719204891,-4.31055905979347,-4.3403232038458,-4.37173089095482,-4.37775556894152,-4.40923878256422,-4.43656406085354,-4.47772438612012,-4.51762339466085,-4.56026626012613,-4.59681224543717,-4.62784510751306,-4.66235067707006,-4.69562174704019,-4.72191644466163,-4.77037144903469,-4.80447608138135,-4.83649114629974,-4.87139573021797,-4.90627346113846,-4.95533530546366,-4.99184784070069,-5.03982404926107,-5.07926896192975,-5.12702681349216,-5.15854899616461,-5.19793386888311,-5.24770989871966,-5.29327784661385,-5.32978455524771,-5.3785603613304,-5.41095001420128,-5.45306964023227,-5.47651275807934,-5.51091488984805,-5.52152686289153,-5.56183687246464,-5.59976327171711,-5.63536388495726,-5.66667529045396,-5.6950653460791,-5.73249401588309,-5.76865180987379,-5.80815358692952,-5.85010979531029,-5.88600623238691,-5.92068349994817,-5.95639394743825,-5.99304337750016,-6.02896124829915,-6.05313498706365,-6.09667391767674,-6.13706346390521,-6.1937984364723,-6.21933596318336,-6.26519957418217,-6.30105158577552,-6.34598171264863,-6.37422493700005,-6.41139504449578,-6.45532652360424,-6.50492384208517,-6.48786198434741,-6.521576877751,-6.55703263927906,-6.59208796961487,-6.6263094519965,-6.66142376031773,-6.69435822230898,-6.72272293451686,-6.74601957011466,-6.78383846304341,-6.81776374719724,-6.85721227921567,-6.89120904140619,-6.92392962719055,-6.96766754731714,-7.00173261689754,-7.04067573107465,-7.07394668822502,-7.08272750507429,-7.11186153748343,-7.14320643094938,-7.17986507532518,-7.21716190794449,-7.2522634873641,-7.28236050383366,-7.31752392038565,-7.35927773039563,-7.39718959529739,-7.42728251249468,-7.46224023461051,-7.49670989079073,-7.53094328592342,-7.57063648768656,-7.61307039288599,-7.65334967640112,-7.66651196833656,-7.70690040327841,-7.73394601546787,-7.77697327873305,-7.81035544719381,-7.84325633256585,-7.881013648584,-7.91667743327581,-7.95378156662437,-7.98494097112133,-8.02711762392072,-8.05219820256356,-8.08375504689519,-8.1129086943648,-8.1472139646419,-8.17320325410962,-8.21081835611765,-8.24514628358551,-8.27758096389247,-8.31365707455101,-8.32213672244278,-8.3517290183319,-8.39643819826377,-8.42791666345673,-8.46564463624141,-8.49595556520603,-8.53413466082823,-8.56638291804768,-8.57794064631692,-8.61475676445443,-8.64925355060867,-8.67799599617238,-8.71274891697364,-8.74240402279203,-8.76918814499028,-8.79923212672248,-8.83211998365034,-8.87246422679372,-8.88242982726892,-8.90403084460045,-8.9332448745399,-8.96848386548517,-8.98117038757408,-9.00275907453715,-9.02467921890366,-9.04277870428793,-9.04693056172485,-9.04615961276307,-9.06287005350034,-9.09558771216521,-9.11768706468363,-9.12666857400688,-9.13003181203873,-9.14423178968845,-9.15382225565092,-9.17888415273809,-9.20063810936529,-9.22516553621781,-9.23647153805253,-9.2361115155119,-9.24102242243661,-9.24788040783139,-9.25360469346536,-9.25562892382817,-9.2626671220678,-9.2539158936041,-9.25821638623171,-9.26427661597402,-9.25972928077648,-9.25320678477054,-9.25828733874465,-9.26434127863328,-9.25921099258095,-9.25250829970905,-9.24976467775843,-9.2377330415846,-9.23651162877016,-9.23545281094969,-9.23602653749045,-9.20108495773875,-9.18879618334467,-9.18583266135315,-9.17394407971058,-9.16722107426082,-9.16788813582061,-9.15509070326786,-9.14844180285016,-9.15277253721599,-9.12884443871152,-9.12035695427922,-9.11242141606982,-9.11606228379488,-9.08638643686744,-9.0647109230183,-9.05933724669069,-9.037646359196,-9.01770658670304,-8.99880124397228,-8.969379565748,-8.9418397108862,-8.91332899970096,-8.90230061209546,-8.87734681888595,-8.86508929796131,-8.84518758255944,-8.82933349975895,-8.79714141658605,-8.75286304706229,-8.73134729079165,-8.71707736093168,-8.69562672426333,-8.67837662590408,-8.66347556539128,-8.6414027552992,-8.61267855294334,-8.58572322595884,-8.55568076627903,-8.53306301902733,-8.49462082167417,-8.4701542387368,-8.4502374636872,-8.4277530309608,-8.39230139013354,-8.36342959493627,-8.336132164958,-8.31456358841978,-8.28396048363025,-8.26001570587232,-8.23324068990658,-8.21458713718879,-8.22059296025937,-8.17946257489542,-8.15793014274405,-8.13217505029157,-8.14607839509947,-8.1090878575883,-8.10062953642899,-8.07498226404332,-8.06629290088381,-8.03557654706225,-8.02770827151247,-8.02122689812094,-8.01216343951361,-8.00640876236331,-7.99631311545838,-7.98411096055736,-8.01334469634484,-8.03460745276647,-8.06644097854102,-8.0900565332578,-8.1225667935199,-8.18487740012804,-8.21788463223369,-8.29399500369853,-8.32371658338626,-8.38047090334445,-8.54402809187748,-8.6113535790621,-8.72017111636717,-9.03334610760825,-10.0362636093464,-10.6348125677037,-10.9263877431446,-11.6472149660909,-12.9945119650428,-13.9340446469046,-33.971805627328
"7",0,0,0,0,0,0,0,0,0,0,0,0,0,0,0,0,0,0,0,0,0,0,0,0,0,0,0,0,0,0,0,0,0,0,0,0,0,0,0,0,0,0,0,0,0,0,0,0,0,0,0,0,0,0,0,0,0,0,0,0,0,0,0,0,0,0,0,0,0,0,0,0,0,0,0,0,0,0,0,0,0,0,-6.04841357679753e-05,-6.16198089434644e-05,-6.36058828592627e-05,-6.4889368081333e-05,-6.63103136920028e-05,-6.80545680625385e-05,-6.98074889374334e-05,-7.08997092230076e-05,-7.2256618995903e-05,-7.31308526232034e-05,-7.45390392135635e-05,-7.61695457143759e-05,-7.79026058501143e-05,-7.94369382261554e-05,-0.000158115645174248,-0.000261057411983655,-0.000268592270385263,-0.000277819516611858,-0.000298231959654554,-0.000309938563748798,-0.000348788610303782,-0.000360016258613244,-0.000370737702148773,-0.000440342501195488,-0.000463447315700409,-0.00050349692380539,-0.000667849332370902,-0.00069573528298486,-0.000921466940708944,-0.00104455861214863,-0.0156093657355744,-0.0162600327816356,-0.0172736540165313,-0.0179269544105645,-0.0193697307275901,-0.0210940836309658,-0.0345711559213865,-0.0406321567720619,-0.0426663193433127,-0.052822124119266,-0.0557789547599413,-0.0588243196905862,-0.0640649278425314,-0.0750341606092793,-0.0860103093386422,-0.0907413991998583,-0.0987541716611745,-0.111037095254777,-0.116498164697489,-0.120414915871537,-0.122148141189926,-0.124415661314242,-0.122128016165421,-0.125706012328323,-0.132992117896097,-0.146033518064411,-0.149065460636433,-0.175518483093814,-0.185468763256377,-0.19591326207233,-0.199134169366711,-0.188887751422205,-0.196212637457759,-0.222796111691043,-0.238419862304877,-0.25884838233457,-0.271894282415749,-0.315327675685647,-0.326793012395792,-0.338659169725469,-0.351103518939771,-0.370069289380877,-0.385250052138578,-0.411720773010738,-0.405396094650479,-0.427514502254759,-0.434963540912395,-0.454256999048639,-0.497858811102866,-0.499377194429926,-0.517018648170413,-0.53061217722491,-0.58327902779677,-0.601437939508087,-0.593780657114764,-0.635026799534279,-0.61558890155045,-0.609399249547822,-0.644637084459998,-0.66481422749091,-0.680499434826957,-0.70375797833332,-0.723599667242382,-0.719245280148003,-0.727132530960714,-0.737827919389516,-0.77894487050709,-0.795333130387058,-0.777213448014211,-0.765175004936916,-0.777671234358491,-0.780128542402287,-0.762583089207237,-0.763489666771151,-0.778634493386262,-0.790848830416735,-0.81578898529828,-0.842254459030014,-0.84523921618329,-0.839938973225287,-0.86104166038926,-0.884458696878127,-0.896188084819641,-0.895538801203121,-0.892041943456042,-0.881337871382986,-0.896984915435015,-0.916273797178797,-0.931195070951508,-0.955506708964778,-0.976709286110822,-0.962551570809849,-0.970418369670732,-0.972415047229309,-0.994256656721501,-1.00815485356795,-1.00801873808445,-1.01284481902181,-1.02028139840839,-1.00997137032117,-1.00382318899294,-1.00173380287025,-1.01737110079926,-1.02549328317357,-1.04270777979352,-1.04008931845283,-1.05173114501543,-1.0751036631171,-1.08588726506172,-1.0950061132217,-1.10630785100413,-1.12071962609766,-1.11401250443805,-1.11723949415369,-1.13079660416564,-1.14094146449964,-1.1478485103613,-1.13304105817059,-1.14205892231862,-1.15107233704964,-1.16509230288895,-1.17448868242532,-1.18397441263947,-1.18198866421866,-1.19450499236782,-1.20320347947836,-1.21511192575221,-1.22586807461311,-1.22980474240356,-1.24071975285914,-1.23857250400536,-1.2508141361093,-1.26346516412142,-1.27466249329304,-1.28995843003235,-1.28123438535043,-1.28968350230137,-1.30068801506237,-1.30610466425731,-1.30916712359202,-1.30902334169805,-1.31601726249924,-1.32426371088793,-1.3351722678495,-1.34994331540468,-1.35811860521471,-1.37439113637288,-1.38733598522501,-1.40378746905536,-1.40931467134594,-1.42055766917052,-1.43493185511264,-1.44842916090443,-1.45860060901454,-1.47799297572879,-1.48782199572542,-1.49770770537449,-1.50933166122974,-1.52072651078886,-1.53091806412574,-1.54450703624275,-1.55627844530375,-1.57152905901404,-1.58041548282636,-1.57078370546748,-1.5818269787919,-1.59194607924387,-1.60362433391291,-1.61749833262528,-1.62713787918251,-1.64032321190911,-1.65394924771717,-1.66031072897632,-1.67425447269184,-1.68797875940291,-1.70010227846178,-1.71494777805358,-1.72754368408543,-1.74468620713644,-1.75687256354205,-1.77230868251182,-1.78407730150057,-1.79995700971391,-1.80713883644842,-1.82183124962476,-1.837677086225,-1.84378976490641,-1.85703211888424,-1.87133991615507,-1.88539397766421,-1.8982906658204,-1.90932411542076,-1.92181238200869,-1.93700430286595,-1.95340899737297,-1.9683086579397,-1.98353408009453,-2.0012237124477,-2.01557462272194,-2.03467400392217,-2.04996720874275,-2.06743102604329,-2.08371865985324,-2.0946256203221,-2.10778529244901,-2.12479207014259,-2.13910527339605,-2.1583702540769,-2.17100493303056,-2.18290397712605,-2.18507738075798,-2.19313886337866,-2.21128484062575,-2.22711972520559,-2.24160272960355,-2.25034618174002,-2.26124151665613,-2.27728446977018,-2.29065747960725,-2.30453548219652,-2.31950666307082,-2.33880568427366,-2.35731260415656,-2.37423285762099,-2.39513092097745,-2.41226943937524,-2.42521022982345,-2.44339315255267,-2.44578793758595,-2.46468089970066,-2.48421997474096,-2.50189540905977,-2.51362782837596,-2.5197129900123,-2.53407573880526,-2.54391574087276,-2.55594670682834,-2.56459315520766,-2.5853185928574,-2.59752755306227,-2.61083629835068,-2.62638303100739,-2.64486720658085,-2.66324972342006,-2.68020861000596,-2.68167987045599,-2.69279094108483,-2.71144594024066,-2.72848303563877,-2.73071709144772,-2.74461381065082,-2.75899680659194,-2.77346839361595,-2.78814966602785,-2.80300195629472,-2.81374079829067,-2.82586652815418,-2.83738416636068,-2.85101516195072,-2.86156270951433,-2.86765517560833,-2.88558955587587,-2.90251882993183,-2.91147054658148,-2.92224217720896,-2.93327547842958,-2.93990721839771,-2.94538270878176,-2.95317172694868,-2.95914893796999,-2.96523191892021,-2.97394569061555,-2.97726643476325,-2.9777711307268,-2.98446121952892,-2.98836093940234,-2.99989619328535,-3.0041225101166,-3.00735233376637,-3.01149093058769,-3.01455462903069,-3.01899400546719,-3.03009592720172,-3.03857846532472,-3.04069735438925,-3.04149095027896,-3.04697194434463,-3.04798275059396,-3.05203907834315,-3.050083807635,-3.05837556237556,-3.0649529991334,-3.07414772499463,-3.08133861213824,-3.07831583400761,-3.07617884042924,-3.07616620564899,-3.06839153196154,-3.06702504396684,-3.07175701546109,-3.07067736086675,-3.06570521177688,-3.06367917479227,-3.05572707685172,-3.05382773293539,-3.05389030403431,-3.05274471459018,-3.05570185653828,-3.05297645676479,-3.04744907540447,-3.04923386263117,-3.05651872752079,-3.05259748071909,-3.0496588233312,-3.04864240076773,-3.04878061675291,-3.04444227627056,-3.03965286647055,-3.03742906555986,-3.02615144352417,-3.02021676246487,-3.00832118706796,-3.00332441472719,-2.99816489505158,-2.99577717812463,-2.99558829533635,-2.99347028553165,-2.9909188388905,-2.98527149794412,-2.97809109726233,-2.98607687893832,-2.98334127589298,-2.97484374761309,-2.96737870610627,-2.96024737403478,-2.96562563621927,-2.96474587737543,-2.95627978869201,-2.9497621565943,-2.94748681192736,-2.9464997133029,-2.95005212059052,-2.95513485732533,-2.94612952471094,-2.93381385512339,-2.92993932987376,-2.93646393232383,-2.93591633456877,-2.92899641746595,-2.92375688157375,-2.92468951683026,-2.93149632216673,-2.92354579573618,-2.93585797138894,-2.94271352621731,-2.95120197758728,-2.95494091052,-2.96189302521217,-2.97148233910673,-2.98308273540864,-2.99479242420743,-3.01502332500449,-3.03767616117837,-3.04938981776099,-3.06308416646106,-3.0996595615099,-3.12435313995083,-3.1588877456403,-3.19538955094177,-3.23460390764029,-3.25601823497987,-3.3005208392556,-3.36499701966653,-3.40597835969938,-3.47450120663354,-3.53136241686754,-3.623887011574,-3.7594726267376,-3.9310681200769,-4.3522514791794,-4.97087322360781,-5.69844701466006,-6.35934154558944,-7.01744948636904,-8.11533750894904,-9.99331908622677,-11.3985567616503,-17.6481625110875
"8",0,0,0,0,0,0,0,0,0,0,0,0,0,0,0,0,0,0,0,0,0,0,0,0,0,0,0,0,0,0,0,0,0,0,0,0,0,0,0,0,0,0,0,0,0,0,0,0,0,0,0,0,0,0,0,0,0,0,0,0,0,0,0,0,0,0,0,0,0,0,0,0,0,0,0,0,0,0,0,0,0,0,-0.000343780014293366,-0.000350234958809722,-0.000361523415038646,-0.000368818494357979,-0.00037689487167813,-0.000386808872842575,-0.00039677213272511,-0.000402980099502154,-0.000410692509627526,-0.00041566148281484,-0.000423665340355579,-0.000432932820845093,-0.000442783196165337,-0.00045150404171383,-0.00105899010495506,-0.00119945548555956,-0.00123704961368485,-0.00128398299401496,-0.00137474857409659,-0.00142756960540364,-0.00152512511578618,-0.00156893953334995,-0.00161783166784397,-0.00182621120708491,-0.00189149303813356,-0.00153558578244538,-0.00175339969369829,-0.00181624645527368,-0.00226310105357956,-0.00244672302346759,-0.0140548871192528,-0.014402939060035,-0.0152665697413282,-0.0162183240549332,-0.0170686822569198,-0.0179320503316957,-0.0371582306652069,-0.0406859487317408,-0.0423755652559491,-0.0534883475488119,-0.0546617586412839,-0.0577444692511662,-0.0677383591935299,-0.0772611744968235,-0.0875245716996968,-0.0921202618887875,-0.102370537355612,-0.116637466887757,-0.120322575210852,-0.125064228876779,-0.128966051262503,-0.130129508260104,-0.138977624380748,-0.144281621983247,-0.151682584607703,-0.168056352202116,-0.174184966229119,-0.200440226623061,-0.207758845528103,-0.212707328745077,-0.221456171349206,-0.237940317655245,-0.248765993194161,-0.27781373724086,-0.303200038884881,-0.325079091987762,-0.341885629888649,-0.388613673125792,-0.410447983876488,-0.414629112750814,-0.420816569694623,-0.448072636721675,-0.466138953542413,-0.483291191455728,-0.491045420379936,-0.50091972420454,-0.508478310853901,-0.520026228786989,-0.552960614500352,-0.563369785261104,-0.563057494604124,-0.578191316737228,-0.614196505915206,-0.621403250675305,-0.631753518067818,-0.657517061361735,-0.667939875507943,-0.68580210674633,-0.715553230664169,-0.741450172499966,-0.755858863707824,-0.771398776704208,-0.791745453682164,-0.79783548131558,-0.81472313099985,-0.8376280396904,-0.868866516675588,-0.899108770772166,-0.917326210385203,-0.933894949680972,-0.956327371810593,-0.97438803123349,-0.990004655887797,-1.00580989829877,-1.01479283073993,-1.03675740216503,-1.08216937436602,-1.10139010655237,-1.1138304753777,-1.13495697345103,-1.15824398013861,-1.18667107316044,-1.20845209771933,-1.22415491612398,-1.23722770961449,-1.24828197699726,-1.26038360773457,-1.29086801705006,-1.30368873465893,-1.31961903307095,-1.33314307174384,-1.33976503184773,-1.35750243600867,-1.36744462886116,-1.3861391532258,-1.40751012261842,-1.41650214830849,-1.42617226046535,-1.4402947594933,-1.4610193180746,-1.4753146725679,-1.48658414052827,-1.51057794985252,-1.5393162688808,-1.56313116588928,-1.58207096778779,-1.60274959176007,-1.6248347843238,-1.63823662699296,-1.65007030472603,-1.65988931924318,-1.68205340016584,-1.69920724566961,-1.71550974701152,-1.73149774275865,-1.75797742173928,-1.77633615679631,-1.79889890821014,-1.81340902192954,-1.82959111602474,-1.84883377741526,-1.8685191349289,-1.88117244323116,-1.9022369907951,-1.91988134996607,-1.944923456899,-1.95960925319162,-1.97711856052204,-1.9949986074082,-2.00855281911742,-2.02632123789327,-2.04942856430333,-2.07001346943312,-2.08690689360167,-2.10995299189296,-2.12079094461218,-2.14031653805501,-2.1627928241096,-2.17802066397359,-2.20799138280153,-2.22884430808511,-2.24662807247648,-2.27051017493395,-2.29242698560736,-2.31955211182152,-2.34150243917152,-2.37190836151422,-2.39502290988769,-2.41678062190354,-2.43816923115295,-2.46027741947952,-2.48304760842835,-2.50632189922952,-2.53161964954943,-2.56152185378643,-2.58684966199231,-2.60617673121022,-2.62993794669595,-2.65120196928904,-2.67299204041456,-2.69485944517908,-2.71802389714057,-2.74141197994859,-2.76263591724074,-2.78647721932529,-2.80601103211138,-2.82880603331914,-2.85185894501464,-2.87764940834266,-2.90175186098681,-2.92567076180953,-2.95030461157996,-2.97322524193544,-2.99987783011049,-3.02381270460091,-3.04611336447193,-3.06873761146648,-3.09972910072778,-3.12182710907283,-3.14362627223696,-3.16932329475667,-3.19478626535879,-3.21604400396255,-3.2384302165056,-3.26425486009668,-3.29093670120838,-3.31424238174853,-3.3402334016022,-3.36384814698194,-3.38984326088892,-3.41223487214462,-3.43879416297053,-3.45980741074822,-3.48772136557303,-3.51214277636686,-3.5355707911042,-3.55790421444526,-3.58540440814941,-3.60892520650347,-3.63400835007424,-3.66009977596272,-3.68350910070239,-3.70799472487232,-3.73395652681623,-3.75821932766752,-3.78257580533594,-3.80519331754745,-3.82741123308958,-3.8558206535761,-3.88180333876726,-3.90063910701522,-3.92231860565218,-3.94593744024534,-3.97109661508048,-3.99591465568577,-4.02111631069785,-4.04267174317886,-4.06599038373573,-4.09179790856437,-4.11749440849176,-4.14298399506805,-4.16950902190756,-4.19682619286407,-4.22012429953236,-4.25323183480541,-4.27509510044668,-4.29933302196968,-4.3219735263089,-4.34535630537104,-4.36835127694133,-4.39349990355753,-4.41809775536889,-4.43872311250529,-4.46113154370426,-4.47865644907318,-4.49947626258097,-4.51781692490075,-4.5361826030241,-4.55892402169695,-4.57760902343936,-4.59882221887406,-4.61979047583761,-4.64030780389507,-4.66080692693725,-4.68002257143312,-4.70175709630795,-4.71778588841343,-4.73614743511631,-4.75362869193931,-4.76771812613133,-4.7872582274692,-4.80639706508197,-4.82348439944483,-4.84091416728853,-4.85482984462653,-4.87187888288869,-4.88993565961906,-4.90625236386887,-4.92705699818223,-4.93867908810134,-4.94997192214047,-4.96791555556533,-4.98615263184654,-4.99724988742249,-5.01047215443631,-5.02305804713381,-5.03180052926596,-5.03903402630455,-5.04459090645112,-5.04940937397584,-5.0650263690011,-5.07524650117991,-5.08154410036852,-5.07939629204783,-5.08803279617282,-5.0901673879329,-5.09390081917625,-5.09897073487302,-5.10072484961562,-5.10340583014962,-5.10363106752268,-5.10090109650423,-5.10071786302659,-5.09993785045205,-5.09947293042499,-5.0983550530956,-5.09459664019229,-5.09171734484061,-5.08954887600914,-5.08250987896194,-5.07812804340359,-5.07979650232332,-5.07814032340525,-5.07850028707948,-5.07261271360315,-5.06119318283842,-5.05190258883319,-5.04239746000156,-5.03539188206558,-5.02629972381017,-5.01747694292259,-5.0096343422338,-5.00265081658202,-4.99354146697504,-4.98742434621138,-4.9797148806226,-4.97085322327924,-4.96180233850619,-4.94979770494521,-4.93771315699374,-4.92878890074863,-4.91792447350214,-4.91152671151915,-4.8950971684154,-4.88628604095618,-4.87742061228546,-4.86779033389104,-4.85748057750833,-4.84380670679757,-4.82810766691433,-4.81341273251621,-4.79869658443548,-4.7846353446524,-4.76887333684376,-4.75597336460961,-4.74674672325548,-4.73487428284647,-4.71712156065324,-4.70049028607844,-4.68518298794045,-4.67169553515945,-4.65717037544618,-4.64173089493385,-4.62454811587707,-4.61151819675399,-4.59802660135365,-4.5834587133598,-4.57193784698343,-4.55392882503816,-4.53747874046393,-4.52098538807147,-4.5114974718728,-4.5025859986189,-4.48624553940975,-4.46813605793074,-4.44517299469678,-4.43182655372015,-4.41874042660573,-4.40628158775583,-4.39623781833671,-4.38633132258503,-4.37855169485603,-4.35742416405948,-4.34402714579855,-4.32977827778919,-4.32187536595067,-4.2967694184568,-4.27839806292251,-4.26006278751422,-4.25263238991978,-4.23680098196742,-4.22634420220998,-4.21423151759182,-4.19464887661988,-4.18282685815835,-4.17783942120629,-4.15320686891878,-4.14404777387572,-4.1321972389658,-4.12443728182604,-4.10225047109395,-4.1030890183975,-4.09536218766418,-4.09325482999065,-4.08981260932273,-4.04181113254172,-3.92887757273253,-3.88296064445182,-3.87079223054829,-3.8380825826157,-3.83239569333997,-4.017403168842,-4.03970578456454,-4.09474587258897,-4.27339713478506,-4.63580121520467,-4.35007523148424,-12.3726185145562
"9",0,0,0,0,0,0,0,0,0,0,0,0,0,0,0,0,0,0,0,0,0,0,0,0,0,0,0,0,0,0,0,0,0,0,0,0,0,0,0,0,0,0,0,0,0,0,0,0,0,0,0,0,0,0,0,0,0,0,0,0,0,0,0,0,0,0,0,0,0,0,0,0,0,0,0,0,0,0,0,0,0,0,-0.000284107806396624,-0.000289442322804519,-0.000298771365807197,-0.000304800189173108,-0.000311474695394116,-0.00031966785673665,-0.000327901726630469,-0.000333032134885395,-0.00033940585014413,-0.000343512325254946,-0.00035012689944212,-0.000357785761049043,-0.000365926340512833,-0.000373133450279812,-0.000521305951658786,-0.000657673523569108,-0.000675212588921991,-0.000694440822612391,-0.000795749163097803,-0.000827153286753783,-0.00381849605976464,-0.00401474827825329,-0.00416400949807923,-0.00620496629339134,-0.00665335541936643,-0.00696079300641271,-0.00835440291997085,-0.00868258015414877,-0.00926870181725511,-0.00813291406979208,-0.0164487523213383,-0.0171757829655774,-0.0180569658109021,-0.0185183849687198,-0.0138944965689962,-0.0155660422723274,-0.031212083440782,-0.0329220161622894,-0.032508710980366,-0.0430879246072163,-0.0455041606170497,-0.0458655251486286,-0.0532960429442419,-0.0595388977928527,-0.064454370810149,-0.059416531096197,-0.0685570369032156,-0.0751059843972954,-0.0792615219575606,-0.080203866254055,-0.0800410492495889,-0.0834744522286334,-0.0890001558432092,-0.0861298776178997,-0.0911523756207959,-0.0993754599403404,-0.0994966620439572,-0.112107728126073,-0.105818636415237,-0.106090553594519,-0.104863815410966,-0.107220738004307,-0.104720075313441,-0.11936045999514,-0.135056942048238,-0.140743336100969,-0.141864023483739,-0.179984696177095,-0.183657642038265,-0.195647752818446,-0.19619367319237,-0.208311366051891,-0.220785463437104,-0.212285345870102,-0.216344094860272,-0.226901784635183,-0.235357066422977,-0.243122260232685,-0.259443263433627,-0.252935109514815,-0.254153211281422,-0.255446883819967,-0.298102175636755,-0.293074992400683,-0.305293798612783,-0.331488684855062,-0.348665461892413,-0.349520531096165,-0.382926438078035,-0.402609555705673,-0.412569888242522,-0.421945965242972,-0.436144766981391,-0.449626150257313,-0.468026601761186,-0.486519360026256,-0.519446363701955,-0.54420441455662,-0.557209918611898,-0.570156127474714,-0.592861386993439,-0.606951585370088,-0.615119177453651,-0.62530110658635,-0.632620270663287,-0.652671308320398,-0.703113549793483,-0.725095620303459,-0.732002460820272,-0.759285573223226,-0.784759490662344,-0.79765678553756,-0.815081975583447,-0.829325667215126,-0.847216948508913,-0.860532616095129,-0.870050959991064,-0.894811366399255,-0.914134370718964,-0.936210713768677,-0.958780250719497,-0.970130024546745,-0.986629758364033,-0.994829952016186,-1.01564258189024,-1.03108540875162,-1.03881113512154,-1.05864668787059,-1.06977606333488,-1.09477084807524,-1.11346537576605,-1.13108486269231,-1.1539184743454,-1.18659252171628,-1.21367527459758,-1.22881085695694,-1.24885672341058,-1.26769647524346,-1.2883453063374,-1.30914487274427,-1.32631764880379,-1.35014751683814,-1.36672887820418,-1.38428922712863,-1.39802390882498,-1.41928853185041,-1.4336724675971,-1.44844038848687,-1.4661055525418,-1.48006620209755,-1.48694192634182,-1.49123020115603,-1.50475181171144,-1.52563142230874,-1.54130227788493,-1.56828578665616,-1.58816125625562,-1.6059621047714,-1.62081700718579,-1.63583153663759,-1.65319969583722,-1.67138137179908,-1.69518189733341,-1.72594027732273,-1.74459714326305,-1.76388652222566,-1.782205137684,-1.80228619135047,-1.82259701436495,-1.85176879721289,-1.87352091813878,-1.89287403911756,-1.91509268761396,-1.93912892540628,-1.9697776923885,-1.99346813035792,-2.02702226962455,-2.0498658454446,-2.06880124996144,-2.09397326008178,-2.11591373446411,-2.14233135600215,-2.15984408867751,-2.18543741090924,-2.21670583957962,-2.24043746693627,-2.26238825270472,-2.27918863736179,-2.30107397979769,-2.32493260614284,-2.35011903454717,-2.37453439971218,-2.39960991296249,-2.42229978260135,-2.43907807223338,-2.46412265176755,-2.48574095002795,-2.51132072936977,-2.53613739701605,-2.55880530495241,-2.58573832686415,-2.60945424037459,-2.63307333894198,-2.65838283602684,-2.68240443695948,-2.70755978009346,-2.72882714402628,-2.76202680144964,-2.7879101333093,-2.81227616985718,-2.83335998833812,-2.85867265273386,-2.88228395713792,-2.90073722252879,-2.92634392405772,-2.95310729716048,-2.96909538420063,-2.99641259903774,-3.0215688865664,-3.04333841482327,-3.06536359574369,-3.08696423087383,-3.10993673430922,-3.13731721715747,-3.16049778466594,-3.18556293752625,-3.20878475116255,-3.23734430209702,-3.26329215141809,-3.28932811648154,-3.31580873070972,-3.34279772553686,-3.36671474794438,-3.39404216093887,-3.41802659989876,-3.44378445770056,-3.46828171491595,-3.49134385145244,-3.51769778943012,-3.54590844214642,-3.56791637915831,-3.58858975657526,-3.61274465074901,-3.6381806624066,-3.66342141702996,-3.69033522743214,-3.71179372132691,-3.73581979806528,-3.76240478381344,-3.78741959505946,-3.81107395309142,-3.83314822002195,-3.86139830898878,-3.88148009628518,-3.91020592039648,-3.93424839374197,-3.95995181302639,-3.9851194147244,-4.00995652256839,-4.03275296720217,-4.05870666484702,-4.08428593449915,-4.10471093824501,-4.12893945053908,-4.15010340094078,-4.17140918200458,-4.18845315236276,-4.20852514492875,-4.23202000521019,-4.25432560597834,-4.27669124716102,-4.29819767301091,-4.32184556121515,-4.34677005894337,-4.37107460177416,-4.39552047551314,-4.41533356775657,-4.43601590641124,-4.45945859477206,-4.48074880236438,-4.50627453340145,-4.52935339098383,-4.55124389453568,-4.57597724974491,-4.59475660670786,-4.61374514458425,-4.63602284389819,-4.65706762119012,-4.68381663100859,-4.69727393741725,-4.71350033004846,-4.7371562934724,-4.76290637717329,-4.78053243283808,-4.7973465376575,-4.81380069294414,-4.83081940663734,-4.84661507836214,-4.85706853697533,-4.87013461795717,-4.89086987646666,-4.90718613970605,-4.91888072267027,-4.92752465656053,-4.94227078239981,-4.95121175371977,-4.96066372410601,-4.973920966217,-4.98443412248563,-4.99746675624237,-5.00681388233327,-5.01491409471657,-5.02506714339169,-5.031446271065,-5.03676459757826,-5.04494623470553,-5.05020058952108,-5.05787348087334,-5.06076114462472,-5.06222779534038,-5.06929714667679,-5.08142847115077,-5.0827540949896,-5.08940569303741,-5.09395823727822,-5.0928575459721,-5.09135973307883,-5.08912387701562,-5.09051805787261,-5.09405628659614,-5.09446099113949,-5.09604915784685,-5.09968966088178,-5.09583356053085,-5.09550737681976,-5.09737306157767,-5.09950937445464,-5.10068063398272,-5.10115209433947,-5.09670792719328,-5.0945195382339,-5.09942586824202,-5.10418373775369,-5.10234301709866,-5.10472723889924,-5.10328996761065,-5.1031298762294,-5.10009104240176,-5.09845146800385,-5.09611970973636,-5.08935346640943,-5.08550767045776,-5.07708765953331,-5.06937893079147,-5.06771445259328,-5.06658622631466,-5.0611037861618,-5.05498526023925,-5.04794563279589,-5.04602791794786,-5.04537234172338,-5.04291846292633,-5.03423678148209,-5.02978094222182,-5.02320467121213,-5.0164437485041,-5.00788798523935,-5.00614152568214,-4.99936113687563,-4.99419702148454,-4.98158054241836,-4.98395043845177,-4.98677628214287,-4.98312246739388,-4.97491578328734,-4.97196352197972,-4.9717423816261,-4.97952844879433,-4.98406794092694,-4.99091477842403,-4.99360514241334,-5.00357136952701,-4.99536740243589,-4.99629246858667,-4.99806037106589,-5.00450780801458,-4.99747347695594,-4.99768504123131,-4.9979335704693,-5.01428268650896,-5.01863733323121,-5.0274402858661,-5.03733156470925,-5.03443848027523,-5.04436431323671,-5.06845484911646,-5.06029765856084,-5.0751046261046,-5.11091966037186,-5.13270750081882,-5.16239450012555,-5.19532228136177,-5.23786917500743,-5.25917017244654,-5.31748943885995,-5.34793432137365,-5.39748430377475,-5.4672044556163,-5.54015771926833,-5.63122002611064,-5.76434464231112,-6.23310896814107,-6.53772060187009,-6.93329445526202,-7.49339466769417,-8.51121133327721,-8.37516251466351,-17.8916355110117
"10",0,0,0,0,0,0,0,0,0,0,0,0,0,0,0,0,0,0,0,0,0,0,0,0,0,0,0,0,0,0,0,0,0,0,0,0,0,0,0,0,0,0,0,0,0,0,0,0,0,0,0,0,0,0,0,0,0,0,0,0,0,0,0,0,0,0,0,0,0,0,0,0,0,0,0,0,0,0,0,0,0,0,-0.000121397572733683,-0.000123676979807497,-0.000127663224292704,-0.000130239304592448,-0.000133091281328686,-0.000136592170348998,-0.0001401104538907,-0.00014230264676699,-0.000145026097317397,-0.000146780769662615,-0.000149607137797915,-0.000152879723724984,-0.000156358144821833,-0.000159437699879586,-0.000274551902322415,-0.000323287036410932,-0.000332660365912,-0.00034443679175083,-0.000394191019890898,-0.000412298278567958,-0.000452715850708212,-0.000469502350296427,-0.000485191179596336,-0.00785456141465993,-0.00835868288066003,-0.00891390394623329,-0.00922109367909365,-0.00961668321778638,-0.0103547409263122,-0.0107332643986056,-0.0195309262913743,-0.0203053932000449,-0.0214355561639106,-0.022369185574396,-0.0230373992518467,-0.0237375984825114,-0.039238544143957,-0.0431364877367637,-0.0449766658858605,-0.057471634061539,-0.0631796446032058,-0.0656737770291803,-0.0717345726427305,-0.0830440666736176,-0.0860537461390455,-0.0906286048973259,-0.104094748360418,-0.117984684196545,-0.115921945972507,-0.120983580037352,-0.127374924395244,-0.131205422750887,-0.146080789194907,-0.148272925766015,-0.159032213137963,-0.176039101584324,-0.183041397097136,-0.209854877421621,-0.205928898719772,-0.215493024770443,-0.225712958547711,-0.246583165848567,-0.258668568693865,-0.287168343053146,-0.312999060001325,-0.335029799516665,-0.349207143980553,-0.407450265106695,-0.421498142516851,-0.434949495165786,-0.450112934351313,-0.480863061818447,-0.508861982964679,-0.509806693606655,-0.524573857530231,-0.53324205846983,-0.542246001657014,-0.566268660586513,-0.606689583531262,-0.607763159971873,-0.601823092178131,-0.616150155191076,-0.66539685576547,-0.677809741883077,-0.681089449200528,-0.717088831523797,-0.741896416182992,-0.741401034688961,-0.757839115409225,-0.771466572759405,-0.779305995880237,-0.802152267380421,-0.837565594681493,-0.861802353149638,-0.869797257969619,-0.899307603131224,-0.955597821024123,-0.986449887443934,-1.01033376282801,-1.03111247151011,-1.07788566179422,-1.08583455316387,-1.09677694034817,-1.11432033846378,-1.12982746241005,-1.16841109249835,-1.19722150039017,-1.22316541397436,-1.22984355040242,-1.23891653679649,-1.2722971149312,-1.28028792528275,-1.2939869397568,-1.32328814857273,-1.33504583772489,-1.36510701620805,-1.39254063029465,-1.42496067529228,-1.46018821624049,-1.48461576313278,-1.50182072831408,-1.5227393429576,-1.53902540754377,-1.53855641874887,-1.56276398779928,-1.58404934664352,-1.57545009359523,-1.59442385072968,-1.6190554272995,-1.64580781204828,-1.66819669486685,-1.69555871731797,-1.72017598209063,-1.75963675631835,-1.79095838641525,-1.8134873689513,-1.83893830320673,-1.87464216178705,-1.8908663268008,-1.91149466475976,-1.93477877134777,-1.94792191564553,-1.97351463265054,-2.00383073603982,-2.03048387338266,-2.0503124269938,-2.06020022038258,-2.08918818088299,-2.10503239034098,-2.12797273945138,-2.15048836464832,-2.17873045580397,-2.19064189525722,-2.20925179756646,-2.22967636791595,-2.25838729796933,-2.28983429705136,-2.30845853511396,-2.33462342438881,-2.35903910217657,-2.38562240106874,-2.40226399228771,-2.42571680882548,-2.45123701264579,-2.48092147576737,-2.49954746604996,-2.52636819503432,-2.55549504083774,-2.58110788197378,-2.61947626554088,-2.64774401200853,-2.67417242187125,-2.68848257020322,-2.71146462087136,-2.74639856100741,-2.76984072367063,-2.80137518041032,-2.82739401549361,-2.86226334492095,-2.89000064792347,-2.91387710311668,-2.94167761623282,-2.97155855421979,-2.99535787755368,-3.03002665493317,-3.06203720073151,-3.09043267771715,-3.122330415155,-3.15115800235839,-3.1812035167907,-3.21334466953223,-3.24209688625449,-3.2678529140463,-3.28599396439035,-3.31537760660406,-3.34317313961926,-3.37094768737294,-3.38838949334004,-3.42011006668361,-3.44710643672669,-3.47834308883407,-3.5083414214427,-3.53830961617673,-3.56938325714646,-3.59660375467232,-3.62799655820766,-3.6585404711808,-3.69618712830366,-3.71653055417396,-3.74744376753162,-3.78021785375413,-3.8118682103315,-3.83388837759073,-3.8602115781138,-3.89160390151555,-3.92356092596371,-3.94777427276214,-3.97963141507277,-4.00950647853895,-4.04189715091969,-4.07211213727598,-4.10299490803816,-4.12650843429737,-4.1597157504829,-4.18685371840605,-4.21328525758004,-4.2405791311583,-4.27408164610189,-4.30426138668193,-4.33396865533504,-4.36715830578774,-4.40056374609932,-4.43064960783017,-4.4601570043431,-4.4884746337199,-4.51120307984633,-4.53937328880826,-4.5737883369529,-4.61035564355083,-4.64130556398073,-4.66851153309969,-4.69906270124559,-4.73197626370147,-4.7633036978762,-4.79903340602618,-4.83140998857321,-4.85862847160895,-4.89354981675888,-4.92574904496546,-4.96039862707676,-4.99346592516627,-5.02823780120632,-5.06944975174007,-5.10405054505637,-5.14876751415948,-5.18422705769836,-5.21818868927761,-5.25253180916038,-5.285567680269,-5.32100132392421,-5.35651618532914,-5.3913254420514,-5.42166904370196,-5.45311878004895,-5.48466915791369,-5.509705408595,-5.53952166895663,-5.5652202863935,-5.60124624970276,-5.63255737267842,-5.66502695848567,-5.69755815889505,-5.73138976383012,-5.76326031117448,-5.79597983881748,-5.83290250117338,-5.85691658623525,-5.88353022214034,-5.91474322263189,-5.94008904377316,-5.97061604244626,-6.00069843003162,-6.03008151047106,-6.06409467612988,-6.09345497551955,-6.12524354743705,-6.15478422826453,-6.18277662107271,-6.21504986923366,-6.24031356403957,-6.26463796019114,-6.29312361599956,-6.32833434423438,-6.3515572925935,-6.37825314834334,-6.40303600930902,-6.42528738319616,-6.44534426576448,-6.46999043203582,-6.49271358919731,-6.52124993309648,-6.54520591861199,-6.56390603274594,-6.57659204690451,-6.6014949604573,-6.62088380180411,-6.64244255272711,-6.66173727682904,-6.67597692714629,-6.69006659171568,-6.7009904459116,-6.71113243175983,-6.72474695222092,-6.73635374944593,-6.74882924851744,-6.76219129910641,-6.77228661910761,-6.78320943714247,-6.79603002414105,-6.80021328050642,-6.80655783855656,-6.81869587445957,-6.83054198886816,-6.84157116146256,-6.85198306902296,-6.85954956707321,-6.86543746254621,-6.87175198236675,-6.87697753411488,-6.87932906170168,-6.87905438484399,-6.88134721483764,-6.88059176227491,-6.87564548896732,-6.87958084069858,-6.88018250248436,-6.88464794155171,-6.88706965772377,-6.88346148860425,-6.88033202569962,-6.88107468547141,-6.88332817419244,-6.87963614149587,-6.87564649696139,-6.8728692769772,-6.86357977449666,-6.85317133438719,-6.84319178911983,-6.83408858021629,-6.8175786840583,-6.80679807409258,-6.79888833577812,-6.788421162825,-6.77175673132121,-6.76112612892656,-6.75411131161669,-6.74340075773044,-6.7286216968627,-6.71192802106565,-6.68990863477537,-6.66931241733,-6.6525223779075,-6.63204512964244,-6.60604437308036,-6.58715998302361,-6.57176161414421,-6.5521982639404,-6.52855531076375,-6.50396589063671,-6.4864231891512,-6.46032526904222,-6.441965716387,-6.42949504405962,-6.4224138165432,-6.39367974477699,-6.3731574730154,-6.35402455823722,-6.3389510979326,-6.32232828775164,-6.30588569714758,-6.30179262907319,-6.2833504689895,-6.25594566837131,-6.23187013401541,-6.20965195212094,-6.2022840958027,-6.17441364830286,-6.15393149098345,-6.13473195650268,-6.11840299253804,-6.09933970401679,-6.08661313071988,-6.07143426899174,-6.0420536631153,-6.03107820753812,-6.03419860313262,-6.024656333025,-6.00640631909995,-6.00222289498654,-6.00269252063272,-5.9792550252415,-5.95576726365823,-5.92464021979775,-5.90734264734541,-5.9237581565828,-5.95702783001831,-6.09860726754096,-6.3282118958833,-6.43037654542239,-6.48093320789433,-6.57041829343972,-6.95479006387286,-6.71769318937524,-7.0513135466053,-7.56061794784405,-7.90470598633564,-7.93709612906041,-18.3049713768284
"11",0,0,0,0,0,0,0,0,0,0,0,0,0,0,0,0,0,0,0,0,0,0,0,0,0,0,0,0,0,0,0,0,0,0,0,0,0,0,0,0,0,0,0,0,0,0,0,0,0,0,0,0,0,0,0,0,0,0,0,0,0,0,0,0,0,0,0,0,0,0,0,0,0,0,0,0,0,0,0,0,0,0,-0.0109506974408671,-0.0111563119078439,-0.01151589205677,-0.0117482680039214,-0.0120055312559258,-0.0123213297976281,-0.0126386974163439,-0.0128364447055169,-0.0130821142218105,-0.0132403948655468,-0.0134953480875036,-0.0137905524934037,-0.0141043243106302,-0.0143821163202278,-0.0146616771181249,-0.0150923090814807,-0.0153937055273969,-0.0156016390525603,-0.0160099409354979,-0.0164093384476563,-0.0166485617073577,-0.0169118796024421,-0.0172175275510674,-0.0175469753224179,-0.0178355706358117,-0.018255463526175,-0.0187491018532889,-0.0190484470556701,-0.019348695561199,-0.019768347319373,-0.0265530329351328,-0.027221656290333,-0.0279722489894705,-0.0294766675054931,-0.0305966223814652,-0.0312988189060857,-0.044763405918299,-0.0495701811269951,-0.051230470152118,-0.0620745697198414,-0.0643608089170644,-0.0677932462207961,-0.0764553903040716,-0.0855144178503092,-0.0957289835787954,-0.100438973025368,-0.112706713971899,-0.126328515797667,-0.131826399824435,-0.137533472314007,-0.144269405592821,-0.150344562193589,-0.16483677206705,-0.171779735122945,-0.183009147286003,-0.200579529322726,-0.224728715624025,-0.250136078217242,-0.267433900635893,-0.283604795507974,-0.299067750465752,-0.320465323563182,-0.33881390902834,-0.374204972922621,-0.402630336212771,-0.430053827511031,-0.451653019785787,-0.492336121703033,-0.513597005468897,-0.520052509302673,-0.540783717750409,-0.575266704698198,-0.602897122600821,-0.640408254442003,-0.665411862840769,-0.694477130411419,-0.71627950441047,-0.748298080652104,-0.796884084409567,-0.822955642043555,-0.8416772665146,-0.852001097554616,-0.872050054442961,-0.856664236829483,-0.883958801522213,-0.923773924738976,-0.939798367260746,-0.93499632408445,-0.982352102640227,-1.02738753285802,-1.06116639551108,-1.08336822501083,-1.1185157053973,-1.14207923251332,-1.1827350347826,-1.22166834725778,-1.27969042651271,-1.32463966958615,-1.35760661299122,-1.36974487871215,-1.3993730447919,-1.43142775419681,-1.4693766108115,-1.43171948866514,-1.46659200592641,-1.50709151765515,-1.55649802080618,-1.59997647878049,-1.62122904448107,-1.67421671965149,-1.71474438151571,-1.72868271960674,-1.76806716102471,-1.80431134213393,-1.83821676194273,-1.87866772493345,-1.91338217329251,-1.95729621084451,-1.97556517468294,-2.01719487668899,-2.04203735616673,-2.03993623101456,-2.07715298309311,-2.0702125976039,-2.11309877953282,-2.1280691783833,-2.15360306705028,-2.18662555952873,-2.14079329097809,-2.16307701417536,-2.19836045219255,-2.22922639951567,-2.25743882523375,-2.30025356169795,-2.29836636496807,-2.32857904397898,-2.35869002997739,-2.41221051725583,-2.44165268362897,-2.47534245878632,-2.50926054802593,-2.54288704798927,-2.55678115034671,-2.58578306617384,-2.62205823492522,-2.65638731801897,-2.69082630467317,-2.71422622728948,-2.74726710616232,-2.7171153171898,-2.74922545197964,-2.77673294686302,-2.79969877961716,-2.81488049365373,-2.83043179869574,-2.83026039577098,-2.84591982493974,-2.86996790453313,-2.88359286927359,-2.91237645834599,-2.92887277060505,-2.96129440142702,-2.99054195153459,-3.02062079945397,-3.04934631633307,-3.07629404364951,-3.10139259256663,-3.12781865263519,-3.15324091089546,-3.18945809902489,-3.21691636545041,-3.24313635870672,-3.26941281129766,-3.3006277489102,-3.33906530067501,-3.37069377913376,-3.40909504457084,-3.44166718648423,-3.47832968138186,-3.50025008116733,-3.53207550977256,-3.57022937713457,-3.60712040511197,-3.6355419518385,-3.67284431037182,-3.70195961643137,-3.73642079742647,-3.7674116943684,-3.79645091691204,-3.82723747058667,-3.85928645473299,-3.89129760116163,-3.92074815094552,-3.95057824357125,-3.97849430281367,-4.01196229666092,-4.04160699098804,-4.07361297866473,-4.11040303790017,-4.14364754569098,-4.17983015959999,-4.21147909040488,-4.24189854291051,-4.2738416281205,-4.2964236443478,-4.33417556280836,-4.37011523310668,-4.41248580695047,-4.42536664119362,-4.46170593305905,-4.49638017296648,-4.53455606945381,-4.56663244475735,-4.60201102235277,-4.63677481700913,-4.67549293930956,-4.6468623529801,-4.67249359553199,-4.70169012399562,-4.72818099070616,-4.75686178635537,-4.78847783835458,-4.81716775729157,-4.84738531686703,-4.87239231371784,-4.90527913240517,-4.93598296669364,-4.96741805153608,-4.99994449815395,-5.02932104037824,-5.06627173295688,-5.09661026286925,-5.13099591742933,-5.15902804707715,-5.18105248090003,-5.20853654788339,-5.24175872578469,-5.27507231627778,-5.30702365507469,-5.33920393980992,-5.37699215083019,-5.40888269179788,-5.44766234066506,-5.48221792345678,-5.51328709716504,-5.54427490207549,-5.57735925773781,-5.60741783450708,-5.64223477381221,-5.6798235439758,-5.7181149749588,-5.72394525216862,-5.7602499937531,-5.7862521302907,-5.82339270322971,-5.85372430382633,-5.88376489510214,-5.9173508249155,-5.94936888834149,-5.98338291849926,-6.01193651661996,-6.04652118632706,-6.07725287858962,-6.10421767393658,-6.13348004219271,-6.16066447211638,-6.1840017051639,-6.21561213345102,-6.24707591215011,-6.27718672850911,-6.31171691747616,-6.33553569632026,-6.36067570284877,-6.39821548535392,-6.42592446654288,-6.4528652962615,-6.47940170023309,-6.5100663204278,-6.53785295626171,-6.55118071073093,-6.57716594484346,-6.60759733049767,-6.6327947969363,-6.66182032437149,-6.6875011410356,-6.71357421738889,-6.73740769509193,-6.76364286139821,-6.79086766225359,-6.80160054574292,-6.82223616916733,-6.84273274156128,-6.87078969343017,-6.88094439246604,-6.8996347623928,-6.92018555818325,-6.94049466453219,-6.95120791689741,-6.95325314879282,-6.97405405197263,-7.00036130935453,-7.01837447273093,-7.02818284768138,-7.03808173219348,-7.05094066052953,-7.06340267889745,-7.08077131308165,-7.10203364980896,-7.12072249489723,-7.13518010243031,-7.1381207533535,-7.15052741549669,-7.16254857635718,-7.16977163552087,-7.17490419383839,-7.18121568769827,-7.18508769674722,-7.19288623667424,-7.2046226508334,-7.21062973803082,-7.21326473424597,-7.21584295585296,-7.22699908602764,-7.22359610395339,-7.21665270458393,-7.22009276398369,-7.21326073465988,-7.21741887256972,-7.22001933542407,-7.22000823819446,-7.2000055574692,-7.1967670506839,-7.19667933438374,-7.18990889096999,-7.1844062858276,-7.18463704081417,-7.18337357353209,-7.18217650342179,-7.18815553700528,-7.18127984752358,-7.17664395518205,-7.17778099265956,-7.1871246008457,-7.16204591622657,-7.15513748197499,-7.15094276544418,-7.13748225364892,-7.12795944480897,-7.11824832363897,-7.0977138525311,-7.08169385702742,-7.06569746423598,-7.05690204980351,-7.03879140990313,-7.03222625937307,-7.03097827843162,-7.02379656870667,-7.006064859923,-6.98119775310703,-6.96395026932652,-6.95123484162624,-6.94346190405793,-6.93177745357075,-6.92903060937466,-6.91314206643779,-6.8900594279927,-6.87003983780656,-6.84097385635217,-6.8312653435051,-6.80907287066254,-6.77966026278623,-6.76340601596693,-6.74510404713204,-6.72251715680596,-6.69502459970113,-6.68127973819904,-6.66046495042597,-6.63336342530065,-6.62517495792577,-6.60717297247288,-6.58432978312451,-6.57941857389737,-6.55202799678879,-6.5430341764355,-6.52558467099677,-6.52145315150161,-6.48614348454034,-6.47780984829846,-6.45931746792502,-6.45910904067753,-6.43483680012317,-6.42241452343411,-6.41063055454139,-6.40794651432634,-6.40781189983839,-6.3790421572984,-6.36224493348831,-6.36766431514032,-6.35781992334772,-6.39563164765871,-6.39706268189153,-6.41645280547667,-6.46670977575054,-6.48945064508361,-6.55230252514034,-6.56099786292819,-6.60189495687275,-6.69368935616968,-6.75053915519964,-6.89695693190264,-7.104454128401,-7.63358873988488,-7.95456577316576,-8.33999814495059,-9.17828499308942,-9.69325683052115,-10.8938829370101,-19.7032385223776
"12",0,0,0,0,0,0,0,0,0,0,0,0,0,0,0,0,0,0,0,0,0,0,0,0,0,0,0,0,0,0,0,0,0,0,0,0,0,0,0,0,0,0,0,0,0,0,0,0,0,0,0,0,0,0,0,0,0,0,0,0,0,0,0,0,0,0,0,0,0,0,0,0,0,0,0,0,0,0,0,0,0,0,-0.000184800350707126,-0.000188270232494378,-0.00019433838824315,-0.000198259887924917,-0.000202601377537902,-0.000207930689353384,-0.000213286480393952,-0.000216623598288761,-0.000220769435849725,-0.000223440527680229,-0.000227743033989618,-0.000232724805975851,-0.00023801991545893,-0.000242707841600117,-0.00163114022979253,-0.00241935211677359,-0.00250330027661432,-0.00261485708152355,-0.00266893047965797,-0.00277025940282092,-0.00282597112168884,-0.00290300207676334,-0.00299524951527168,-0.00342858589355614,-0.0035574830450962,-0.00389853727199544,-0.00384268782472965,-0.00396856769046407,-0.00404685866460576,-0.00400932905140242,-0.00652696874709692,-0.00720460371778622,-0.00767956526372699,-0.00936630582217798,-0.0106750267290208,-0.0119587031879081,-0.0132156623654189,-0.0158912316818322,-0.016968585665138,-0.0196851262335662,-0.0222592929073011,-0.0242053251184936,-0.0220061962696473,-0.0250596319838878,-0.0274844782106369,-0.0324401779492035,-0.0306672145092182,-0.0317430832579535,-0.036065900435456,-0.0366419266792437,-0.0377115171492416,-0.0383455013324767,-0.0414843883666168,-0.0425442885673603,-0.0490412115087938,-0.0448149036570871,-0.0446457102746191,-0.0482797458466069,-0.0449648814026413,-0.0488882667804919,-0.0528387103367285,-0.0466342985475549,-0.0470297070320303,-0.0433655387337512,-0.0484220228952383,-0.0476307608079785,-0.0511539660624868,-0.0526569378138214,-0.0534157357439584,-0.0592274106884877,-0.0646706792876844,-0.0582573286948324,-0.061847006030027,-0.0646807102295734,-0.049843698964309,-0.0692730431145628,-0.064948555198248,-0.0785649463306039,-0.0807273090235749,-0.0630654822475102,-0.0732043387867145,-0.078874188940066,-0.0886275424096604,-0.10109276167951,-0.101725391678793,-0.116084325611129,-0.085215467798729,-0.0721113639700926,-0.0792847066155686,-0.0788852954404327,-0.0818201715062811,-0.0934423416467464,-0.097002327746474,-0.092836796810411,-0.0917960886522128,-0.0808207553937211,-0.0938129894880559,-0.0973170106264128,-0.0799761269213058,-0.0552592486272127,-0.0649283832119156,-0.0568883221280739,-0.0338860374391291,-0.0283896275293101,-0.0292861306838314,-0.0357955962396644,-0.0291303880552227,-0.03196652367938,-0.0385159967823093,-0.00819417136525674,-0.0103366631926409,-0.0186509522405157,-0.028270307406898,-0.0256207798733562,-0.0174505061649458,-0.0119618987458673,-0.0163930722221887,-0.0145013144318406,-0.0118913577157023,-0.0217320051726446,-0.023988086848088,0.00131069606555889,0.00127526716061421,0.00162692041319434,-0.00261799210769487,0.00523483015508075,0.0102652186434254,0.0248472351300904,0.0231867633191415,0.0367752021539071,0.0578632686705431,0.0613895647506575,0.0678471285402087,0.0790956800537794,0.083567801766692,0.1008240831983,0.0968803238799846,0.107155620481884,0.113075906455721,0.112063019713796,0.110426046901827,0.114925173563806,0.13161146670519,0.142042924615329,0.145100108837793,0.145840896269656,0.152607227735685,0.184596691080837,0.188072123049407,0.19861561738784,0.204998337996658,0.211407883555214,0.206197564663359,0.22150797411041,0.229723158452206,0.236383077236431,0.238925652823084,0.241454616180032,0.249740304260009,0.254500715850587,0.269989492692419,0.277487789680559,0.282006295187258,0.284990264323224,0.28899596335647,0.306749856520118,0.311163632224269,0.327463704410934,0.330151992818058,0.353490518376574,0.368463133056177,0.375149301688206,0.382137519085014,0.388869920622527,0.394552583699215,0.400491915621259,0.407301643169006,0.417619785996663,0.425641805099714,0.436117972356475,0.440752146089591,0.443641521756384,0.449112446286883,0.450399375339728,0.455570773204047,0.46400050539394,0.467579813542964,0.472860814131029,0.471365552946835,0.475950367288674,0.477639756187115,0.481852294786473,0.485220850847085,0.489973921750506,0.519896236782643,0.527034906462588,0.534701886455372,0.541682921322551,0.549607846501995,0.557442019885289,0.563258565922311,0.567704007947954,0.585717119269352,0.592266669430305,0.600204716200389,0.609761262364016,0.612530387090437,0.618433005023454,0.621292603249496,0.621399660495281,0.625766293510513,0.632842847189851,0.636699303674531,0.644935118847417,0.648303126585369,0.654099212122592,0.665373654998463,0.67052796476092,0.674229946726481,0.678939534024883,0.681141956700439,0.690150543518767,0.693665214235838,0.698001159260947,0.701215140685517,0.705059980056915,0.708609734159678,0.712645061538288,0.715845973214412,0.720669602764476,0.726020379524909,0.729460402534318,0.730340244158764,0.740850180229901,0.746867528012698,0.748936058033815,0.752819869469044,0.753585703182963,0.759626132113282,0.768213355513005,0.78940431936831,0.798663156536734,0.801862277074264,0.811457631219232,0.817629210109438,0.829370958887024,0.838691076010094,0.844759872548274,0.852755456256479,0.859223543041544,0.865946316414663,0.87139654231563,0.87889749827649,0.884124906109617,0.89256085555241,0.893574151892681,0.900279404934183,0.903079359363713,0.927038630222581,0.932572803263565,0.93558965600641,0.938302956149817,0.946524393948386,0.957415458093448,0.962193194061358,0.96957961559399,0.972190681600752,0.982528999513302,0.985092846336059,0.991731549802431,0.997932496062741,1.0045648610135,1.00934968236302,1.01173135616532,1.01616870519178,1.0376241855464,1.04409561801934,1.0440653955034,1.04523577132143,1.05907153435621,1.06523861106262,1.07080425343285,1.07405479757999,1.08157317560318,1.08287929553318,1.08886119148492,1.09694361833975,1.1029784036003,1.11169708748066,1.11543345151793,1.12203130095027,1.12386031412273,1.12956925298519,1.13019328413332,1.1348981624114,1.1408962817659,1.14483053149955,1.15068240767267,1.14934972225958,1.15147136941146,1.15937445065222,1.16542932726495,1.16887341320508,1.16647747248692,1.1662643648187,1.16629274199357,1.16508547157557,1.16964551698265,1.17116281759368,1.17325386858875,1.17097627914505,1.16977769215952,1.16482192741869,1.16176516664264,1.16267258026659,1.16746690212587,1.16395150090391,1.16596684737827,1.16591214013713,1.16534259352261,1.16020395263208,1.15912016951825,1.15460649419047,1.15549387827864,1.15894692314099,1.15844935603296,1.15783730881518,1.16187241223988,1.16279941035118,1.15693475579449,1.15405022297006,1.15459580077785,1.157589204393,1.15810980768942,1.16213775486515,1.16115422900027,1.16012896514648,1.15922962028425,1.15780160898283,1.15526692830548,1.14634786224961,1.13586828086145,1.13631425379368,1.13138189170403,1.13147687273622,1.1283402723645,1.12881983712125,1.13009583208779,1.12666087450692,1.12860521614046,1.12862177255582,1.12639487759557,1.12300219585253,1.11454292293639,1.11085705749146,1.10950337198873,1.10570590354145,1.09370461771741,1.08964471895495,1.08913835244973,1.07010311118718,1.06370107880744,1.06064241586244,1.05288635532455,1.0447579077154,1.03165933936121,1.01898276335413,1.01419342499133,1.01245181268752,1.00639282377543,0.996893279704905,0.99192133247608,0.979879482748282,0.980480477811714,0.979298069685479,0.96750633594396,0.953452164828194,0.944984395312635,0.942626293055968,0.942613835360718,0.93498544916328,0.922020257259584,0.911545672527629,0.894830658119071,0.884757525145564,0.87254809614793,0.851126603892817,0.832491255835676,0.807366478132328,0.790338658682283,0.772123030753668,0.749952715010549,0.729291677799369,0.705720910320212,0.686213781188905,0.653750586423134,0.61299159729758,0.57683851829809,0.537797440268548,0.496226144489609,0.434878235778479,0.359253930286465,0.294773075342676,0.234692511052515,0.146706966970719,0.0384205298774032,-0.201782503816722,-0.477201453635042,-0.75729558393562,-1.12650916311225,-2.0208023917526,-2.83755802399651,-3.97777008405286,-5.6240258908439,-6.99933102763724,-8.66185156403654,-10.0709738434213,-11.5185722745307
"13",0,0,0,0,0,0,0,0,0,0,0,0,0,0,0,0,0,0,0,0,0,0,0,0,0,0,0,0,0,0,0,0,0,0,0,0,0,0,0,0,0,0,0,0,0,0,0,0,0,0,0,0,0,0,0,0,0,0,0,0,0,0,0,0,0,0,0,0,0,0,0,0,0,0,0,0,0,0,0,0,0,0,-0.000190280427916589,-0.00019385320572124,-0.000200101306810457,-0.000204139094805264,-0.000208609327130003,-0.000214096674577509,-0.000219611286466132,-0.000223047363392407,-0.000227316141791118,-0.000230066442288753,-0.000234496535297405,-0.000239626036955254,-0.000245078167832984,-0.000249905109928998,-0.000273198101280345,-0.00028198017423251,-0.000288860234355862,-0.000296051342120846,-0.000319592412721381,-0.000330799970174986,-0.00698332718637097,-0.00736185193731652,-0.0076422032036888,-0.0157347760127848,-0.016813689576712,-0.0178561703320475,-0.0218560431286855,-0.0227216316633234,-0.0239548478498227,-0.0300040219102533,-0.021454988493444,-0.0224162888999264,-0.0235569828380017,-0.0244169879420744,-0.035024879976442,-0.0496540339315068,-0.0613503025218572,-0.0665451824061005,-0.0713333106482309,-0.07758087882287,-0.0808109806590076,-0.0882956874037086,-0.0951944689412479,-0.101761954469156,-0.107492933634469,-0.119680105924026,-0.125490047421757,-0.135609747270577,-0.146058311484877,-0.150354946614715,-0.153000115876866,-0.154970035550978,-0.165734462088651,-0.171680846383464,-0.180946234257409,-0.182268795679545,-0.189850084418497,-0.200560311558707,-0.214023169364346,-0.228537383588964,-0.238953749002364,-0.247540595237723,-0.270934360405742,-0.275831055071049,-0.289197397895897,-0.308016628289606,-0.32567856194507,-0.335596192363434,-0.349843090978041,-0.357391949441053,-0.381620247595656,-0.396941725831931,-0.412745499604011,-0.421396497511512,-0.402297594982796,-0.425501566142271,-0.419477415893636,-0.43708639101822,-0.451697568040462,-0.453249167249378,-0.479477791784109,-0.490140551273155,-0.50023349849425,-0.521038410142026,-0.520797702090422,-0.537062850922921,-0.495323488104052,-0.48477057467656,-0.495603261493802,-0.495706017830761,-0.498917832145967,-0.509258218531551,-0.529489022180269,-0.519801596929295,-0.515754659282314,-0.509492709981503,-0.525964003528696,-0.531182221489951,-0.51752809181339,-0.49971578359166,-0.506052450680069,-0.503750191388819,-0.495009788082078,-0.48889443179275,-0.503128935894984,-0.509597009291816,-0.498883131110272,-0.506299402792992,-0.508680424671512,-0.482626780957666,-0.489990049624762,-0.503225743500701,-0.507419780740096,-0.506054930734327,-0.496707251865819,-0.49952356453189,-0.506676345180684,-0.510447343762455,-0.503954940022905,-0.514542238729582,-0.522891114437946,-0.505251396061523,-0.512718637379167,-0.515144054800241,-0.524262698541972,-0.520432644711856,-0.52092848933313,-0.50335210100171,-0.512832885678835,-0.490831990527078,-0.475357693163534,-0.472298017350675,-0.472872606784379,-0.46294412846227,-0.46293462195503,-0.458101651328512,-0.469127139034862,-0.45825388808592,-0.454542628052528,-0.454570023614974,-0.450430059114454,-0.451325459855584,-0.43843114871921,-0.432452147839023,-0.432545394331298,-0.437352681705233,-0.435789184072494,-0.412107965113984,-0.413364087461249,-0.409981900521006,-0.427092407726027,-0.421960246088509,-0.421319100234262,-0.402346236840708,-0.399691666590112,-0.393323698535084,-0.393556591078294,-0.392401102422417,-0.39020566753051,-0.387557756907263,-0.375465534282753,-0.374317212009566,-0.371181875400876,-0.366735636804594,-0.36720318154786,-0.344227111478644,-0.339332481280261,-0.329162040131257,-0.322003939566065,-0.304583727452062,-0.290515320890021,-0.286121349097241,-0.28343469317665,-0.280007583863798,-0.276560125794408,-0.271249717104172,-0.264878499848142,-0.256065777629215,-0.244720719386196,-0.23748558273502,-0.237248329610209,-0.23411086212057,-0.237218551648123,-0.229853495801903,-0.225096073478141,-0.219061467153286,-0.214067208617655,-0.212685109142086,-0.212473332466625,-0.207541894607087,-0.200680607150743,-0.195665469822576,-0.194680037657647,-0.186900992531984,-0.152475746584481,-0.145041207151268,-0.138520095237589,-0.13156600420157,-0.123971032512261,-0.122026761281394,-0.118363841199094,-0.113008182479878,-0.0944415506189413,-0.0898822104471345,-0.0860112342985022,-0.0775458626702539,-0.0743309713273764,-0.0646548898469496,-0.0587196737566049,-0.0573483735053462,-0.0508185859314001,-0.0436942034430605,-0.0414894290068373,-0.0375175066396551,-0.0325413251173108,-0.0272380576864981,-0.013362237359869,-0.00635604041997562,-0.000345641280687703,0.00360758088367219,0.00727387901152365,0.0134151716950657,0.0193566615347964,0.0250183997040307,0.0288795499697521,0.0357401005299467,0.039461699728895,0.044172332913688,0.0503432226267417,0.0550572982989839,0.0601082231387033,0.0641491287457119,0.0678220281463746,0.0802407989106371,0.0847020047758515,0.087021413108008,0.092807911681764,0.0924558774870319,0.0973232218101299,0.105188782868898,0.124697338101633,0.133993700815256,0.136369490539861,0.146152877935329,0.153577746869241,0.169454114274312,0.178749449006815,0.184240796500292,0.192290295400087,0.200132877116982,0.207903336355707,0.210763927723986,0.218322355943336,0.217406233110287,0.221141889970168,0.223190369756824,0.232473227134858,0.237574300263087,0.257921612199994,0.262451527296267,0.266598475825489,0.269399359389574,0.274878277179829,0.289314622019692,0.296785139134046,0.303443147118713,0.30687217346943,0.320280697992359,0.321948278580736,0.330594145488859,0.338007969825714,0.343770024450896,0.348803898996079,0.352608707443836,0.359603928449137,0.387201839956863,0.395541989822987,0.399169281200686,0.404896927793292,0.420971921750934,0.426753919428563,0.435191396487147,0.441679814901418,0.450174173702872,0.45435043150495,0.466506922461072,0.475060693402565,0.483802661823929,0.496399677731944,0.502531335291846,0.513428503879764,0.521044444964148,0.531685359633736,0.541556938650556,0.549632012212616,0.557115343192438,0.566669745174099,0.575403462300879,0.578448124373203,0.586930478587884,0.598656867869712,0.604651252539798,0.615200711329234,0.619179594569089,0.62475772689134,0.632776584655278,0.635743608585923,0.644719895677495,0.653594792281041,0.663092451196849,0.670746958722781,0.678494890439165,0.682074675466219,0.684233243812681,0.690488521382334,0.701781280604758,0.706831052734161,0.715801007753412,0.720360432918511,0.729050296581278,0.732733327125357,0.740327711354243,0.73976275859047,0.74636413644041,0.758936773878237,0.765302350320745,0.768273631792712,0.775694763423504,0.786240476929341,0.791642268852858,0.798752827768431,0.805053276724098,0.815270839626771,0.82305901642345,0.830969224886671,0.83749381276573,0.84442155992058,0.849444834675583,0.856939612230607,0.864021975796485,0.864206092807993,0.868983039606291,0.880000925209953,0.887934983281125,0.89726083171554,0.900553844060175,0.90984813759369,0.917971817592779,0.926045489753979,0.938268554430989,0.941922773965082,0.951267942778642,0.954701721139558,0.956906749023335,0.962878613223324,0.971182673665124,0.978444054487055,0.976395834500337,0.979598827938618,0.987939492531463,0.982851310896427,0.987252550685491,0.993058873491408,0.994201878009209,0.99444196934203,0.993993799699747,0.992342360817503,1.00464234400145,1.01549997512485,1.01654371163446,1.014515142336,1.021702341841,1.01975291348769,1.03400049950735,1.03911759122651,1.04462552904104,1.04162826700846,1.05022525917482,1.06571284593156,1.08380079872556,1.08206895868302,1.0782016203679,1.08282186344332,1.07608577217296,1.08422437659639,1.08383150034199,1.0832243856596,1.08362216012179,1.07661568399092,1.08396201967815,1.08397013014351,1.07580461712148,1.07074179056563,1.0631626653793,1.055553831912,1.04143769945876,1.01239255121233,0.998764182332388,0.982795158287188,0.957866040015616,0.951676254982344,0.922796928150371,0.868588994046611,0.815614671659691,0.760593567006634,0.693030116991881,0.630749187524534,0.554448150379572,0.41064337474649,-0.105711288970376,-0.761582111603021,-1.24528697326101,-1.86692139005724,-2.4398207795307,-3.27463898653016,-3.68244521623104,-5.44560268141272,-6.84292221372651
"14",0,0,0,0,0,0,0,0,0,0,0,0,0,0,0,0,0,0,0,0,0,0,0,0,0,0,0,0,0,0,0,0,0,0,0,0,0,0,0,0,0,0,0,0,0,0,0,0,0,0,0,0,0,0,0,0,0,0,0,0,0,0,0,0,0,0,0,0,0,0,0,0,0,0,0,0,0,0,0,0,0,0,-0.000131060027533909,-0.000133520860540107,-0.000137824384080353,-0.000140605503565787,-0.000143684479044127,-0.000147464015990898,-0.000151262331949483,-0.000153629009077009,-0.000156569228523628,-0.000158463561340163,-0.000161514889940001,-0.00016504795235674,-0.000168803233079922,-0.000172127900629469,-0.000277491123169174,-0.000469791763637482,-0.000482452976446678,-0.000497772137762259,-0.000500807982548507,-0.000518197660151397,-0.000555281726439086,-0.000571262839314965,-0.000585690145735206,-0.0168042803049751,-0.0178588289888294,-0.0192206905564153,-0.0205754839333874,-0.0214467611821281,-0.0224538497623738,-0.0237436180844404,-0.0241098661332105,-0.0253677822289908,-0.0266497666336412,-0.0275012352082189,-0.0286782150024518,-0.0303775561897273,-0.0357678134960062,-0.0387142629635584,-0.0408073758789231,-0.0437878386519072,-0.0565543151166769,-0.0591058662085214,-0.0658362530206051,-0.0690595398942216,-0.0717895221976875,-0.076055762069737,-0.0758785572929384,-0.0788741379058167,-0.0907920938996887,-0.0922643218440254,-0.0872199939105067,-0.0939938579961965,-0.0947188933776724,-0.097474677049167,-0.10176805499724,-0.0954340230123242,-0.0946659426032241,-0.0967109861325006,-0.117967201388525,-0.121247612195095,-0.124691038341405,-0.126269326762584,-0.129636349347027,-0.125266317740835,-0.133090240796098,-0.14012405931386,-0.152087259897778,-0.152760576223545,-0.170348302723655,-0.172421427461597,-0.189908920174457,-0.188010354553509,-0.201766487816504,-0.2189714156768,-0.189393837640723,-0.206038506162589,-0.201881308977108,-0.231312986859189,-0.241460893133698,-0.223120071685241,-0.232287086055467,-0.24746709547906,-0.246384361070331,-0.261508651298409,-0.248200785922064,-0.261525181851411,-0.219588342553025,-0.20760187989146,-0.230163254950427,-0.224828800159666,-0.230141502398418,-0.219730049815105,-0.221604720429066,-0.192977547918641,-0.178846339927531,-0.162673297089957,-0.158862592395301,-0.155840213791744,-0.148217635552273,-0.136306836396218,-0.122973235021444,-0.118417799072677,-0.0898670307911997,-0.0984162439009015,-0.110656502939043,-0.102291561879058,-0.092151047778671,-0.0945293841248767,-0.0869402553083235,-0.0613080664993935,-0.0592849877338084,-0.0749079964629532,-0.0743583277976871,-0.0635664165419411,-0.054264389551468,-0.0370768537258577,-0.0401068886342758,-0.0447578989865849,-0.0326408986821197,-0.0359180746553257,-0.0417764965758739,-0.00662452985973194,-0.0112401094741832,-0.00782081135823842,-0.00541051261093439,-0.00514009011154992,-0.00228178441844973,0.0160044013255253,0.0223537425643705,0.0619170369506886,0.0873002902481987,0.110212537231789,0.107126026721316,0.126190368866249,0.134330255965164,0.151255560289491,0.155155309630049,0.161082642035492,0.160728759200196,0.163769658822284,0.174288558138295,0.177724041220672,0.207651514072739,0.224501031606204,0.235998571894129,0.241979567869973,0.233175208060085,0.272942746513447,0.277949144087613,0.287672504605582,0.299086343560995,0.312214714350046,0.317097618809615,0.336947647551317,0.344436019273323,0.355767538017896,0.366099357028709,0.374093614848515,0.390634095328941,0.404966520616858,0.417930895947686,0.419187292257088,0.42900944680938,0.438020434388077,0.446066911696695,0.46852063962743,0.483876542405881,0.501791583120955,0.517527423390049,0.547994971314024,0.564417565315612,0.579430830516883,0.578175934267511,0.586342941611933,0.597443317364019,0.608005802651274,0.617176365864473,0.630352788010754,0.629360749788571,0.637157174238517,0.644739414711706,0.654236647914588,0.664147301688696,0.66940229183114,0.67883545885339,0.692535451102743,0.70421381286533,0.714754992925913,0.724431544442543,0.738451366269499,0.749323382383931,0.760397613642549,0.765182259143772,0.77191153564838,0.816835958558794,0.82381781986753,0.838199823124482,0.8413250509125,0.852968030348678,0.862426339435887,0.872264156730404,0.881970985407627,0.91279468622158,0.925747592672878,0.935598300771081,0.9524610811704,0.963901063556417,0.977056581515897,0.98408570308613,1.00095116261506,1.01452998953033,1.03385585674885,1.04300026975821,1.06059439628375,1.07540687329842,1.08818606101408,1.10331363348651,1.11760242589234,1.13176203314661,1.14503076051223,1.15706715161856,1.1729047390771,1.1816260730079,1.19461962614787,1.20620259605241,1.21622908369802,1.22679307499599,1.23927216950789,1.24864595816072,1.25810551438971,1.27165438839564,1.27727680593776,1.28565756112192,1.2965022309729,1.30986281040783,1.316178561432,1.32562379029956,1.33817828668848,1.3556335363317,1.37326346681287,1.40096196293995,1.41558264905658,1.42691260693183,1.44256506131816,1.45761295624283,1.47480992633961,1.49093928413983,1.5062817949113,1.52156008689984,1.54136140373182,1.55570313172084,1.56909947115913,1.58446328238099,1.59952115981152,1.61400278206351,1.62928126567426,1.64640461466718,1.65883005573725,1.68423022096898,1.69778932401223,1.71062011304664,1.72131956126575,1.73882212926035,1.75597823235762,1.76846796318328,1.78051504204936,1.79406993134449,1.80785092254479,1.82189596103545,1.83782057978091,1.85313776977382,1.86774081250761,1.88179522606705,1.89434729864841,1.9087682967337,1.92781323652407,1.93909270135521,1.94565833237497,1.95739413415938,1.97184755542726,1.9827878261964,1.99488421992526,2.00316938948534,2.01613439579195,2.0245765830882,2.04038231409888,2.05532537420113,2.06469043495808,2.07734737935119,2.0905483019534,2.1026802010983,2.11384580361203,2.12939194378538,2.13890969660042,2.15077801482344,2.16049575988149,2.17109502428314,2.18027796376928,2.19307145221383,2.204030429407,2.21917721593914,2.23247114206886,2.24722889446768,2.2546462830337,2.2636042679897,2.27714140094297,2.28366087071987,2.29733201516705,2.30562950737648,2.31456604049999,2.31947544433317,2.32528856108823,2.32885753042096,2.33091953786527,2.34070917197987,2.35386995962455,2.35636924095188,2.36222675736529,2.36875296381655,2.376013457879,2.37278026738325,2.37601661043535,2.37925896127339,2.38089013499089,2.38683229925205,2.39309394052488,2.39232571739365,2.40383264812477,2.40736170391189,2.40351852363956,2.40275015151549,2.40271739602006,2.40602742083358,2.41347222498719,2.41871982984818,2.41549247471833,2.4224709356567,2.4229958822576,2.42779027205929,2.42215140435962,2.41971784447506,2.41322270259901,2.41547498870173,2.41489708547286,2.41176928851635,2.40015304637988,2.39809799566601,2.39358704541489,2.39142561238999,2.38886714516597,2.38624626079783,2.38513237468239,2.37857511133862,2.36394835306386,2.35449327610325,2.35355311362074,2.34517442983541,2.3273289839548,2.30809172261793,2.29968459966478,2.27481888199513,2.26302024573996,2.25228727097756,2.23425584327236,2.22219360872272,2.2092766121946,2.19293689079248,2.17685192806081,2.16015329230037,2.14293572069064,2.11852585103551,2.0996089692954,2.06941732012023,2.06509938772015,2.0446153583562,2.02835097384922,1.99718929845024,1.97802325670019,1.95756859112976,1.9425685409735,1.92290031996863,1.88305776896981,1.84977439419354,1.81268232465691,1.78168482995843,1.75172499454793,1.71494138718005,1.679785009686,1.63590877560652,1.60724032129067,1.57158105054343,1.53031162743466,1.48268159498168,1.43508700787992,1.39844091696684,1.34882031183274,1.28659520548494,1.22471973350302,1.14922797907202,1.06066342551495,0.974861623692072,0.859494197547516,0.689226042868356,0.425757043057596,0.104369817365539,-0.17596347934354,-0.701474468370844,-1.20567757850503,-1.51951004010183,-1.93931138284152,-2.48445102259375,-3.00363742514417,-5.28790052655624,-6.31286305298458,-7.13609499591175,-7.20544987389185,-9.11194172212598,-12.1158416051089
"15",0,0,0,0,0,0,0,0,0,0,0,0,0,0,0,0,0,0,0,0,0,0,0,0,0,0,0,0,0,0,0,0,0,0,0,0,0,0,0,0,0,0,0,0,0,0,0,0,0,0,0,0,0,0,0,0,0,0,0,0,0,0,0,0,0,0,0,0,0,0,0,0,0,0,0,0,0,0,0,0,0,0,-0.0270050941206008,-0.0275121520557916,-0.0283988988422939,-0.0289719522352924,-0.0296063792543627,-0.0303851579018297,-0.0311678059898197,-0.0316554629801664,-0.0322612991331507,-0.0326516289459002,-0.0332803592886451,-0.0340083515292487,-0.0347821321493736,-0.0354671843486188,-0.0361564876593523,-0.0367945398660386,-0.0375262973877419,-0.0380246442229458,-0.038929772555605,-0.0398898602279918,-0.0404411213317837,-0.0410683804047971,-0.0418039432180051,-0.0423939067792021,-0.0430666705688627,-0.0438797942573965,-0.0448949603457566,-0.0455798571424698,-0.046049643760668,-0.0467138407202362,-0.0444391913158267,-0.0452218241668536,-0.0458823851103514,-0.0471793990180797,-0.043853062840453,-0.0447986162897038,-0.045782816715272,-0.0469776522051102,-0.0481129939321498,-0.049339526119505,-0.0501613232315008,-0.0518156817200023,-0.0481136320555289,-0.0497479271537134,-0.0512270336957464,-0.0525281066583542,-0.0472834904627144,-0.048118208048115,-0.0490734712582574,-0.0485969290398223,-0.0453833279993681,-0.0420066588117105,-0.040542628633395,-0.0378695113187394,-0.0369128848193153,-0.0255962468886588,-0.109358737956893,-0.115944884001196,-0.111640817081497,-0.114171778043241,-0.125154147472508,-0.112103109957655,-0.115012499431839,-0.164894500732389,-0.191974971592662,-0.197698135697129,-0.206436163357903,-0.217028789950454,-0.222894525468852,-0.238803645019344,-0.232271171444296,-0.223287074036065,-0.228347608584979,-0.22143800430622,-0.205054708564795,-0.202477007989883,-0.19171708056808,-0.191509866349477,-0.187068207793733,-0.170118866857156,-0.162405198506944,-0.199239290669701,-0.207959028413759,-0.287295083776241,-0.279480931636444,-0.29918466420574,-0.342404978758732,-0.320434459741104,-0.323671188121857,-0.321726969709938,-0.319549032839722,-0.32303688728665,-0.32847954760594,-0.316686854352159,-0.304395909612737,-0.285916994311056,-0.285108282985189,-0.275397994373439,-0.270696570297901,-0.291282586138437,-0.272806085220852,-0.255638138321938,-0.230813876579371,-0.211049754116151,-0.204026783519197,-0.202075535159497,-0.165763864822542,-0.153850597626834,-0.151184268583232,-0.128709179652824,-0.112195890748709,-0.131642928462203,-0.122391007236475,-0.10400348846071,-0.0840517208655571,-0.0658559190026047,-0.0579394731953872,-0.0435376889179135,-0.054218299195046,-0.045218553316619,-0.0386126886397056,-0.0422775765352356,-0.0303187090734136,-0.0160042795232374,-0.00623717235995902,-0.00663081994975223,0.0113869889398591,0.0493414195164597,0.0521104861149481,0.0776461029331464,0.100414027963484,0.118309284218409,0.130071293049831,0.143840654544327,0.132795513078526,0.153886896331942,0.165053319860288,0.195640858294545,0.20801466949276,0.225198623322312,0.237414422948691,0.253313636512723,0.262393070931427,0.280682928518091,0.300325311240145,0.307456489688496,0.327090049365003,0.35872867333779,0.373304750823379,0.355941615019506,0.378816726223106,0.38645806367357,0.402961141463733,0.428120803952569,0.432794003163737,0.448054455556948,0.458684035118248,0.469917797953362,0.446094209494905,0.460696564328621,0.479530838178977,0.491594257875229,0.502390068910398,0.514052639336136,0.521970300672501,0.548404101779791,0.564129318575419,0.583240304503685,0.594780180018326,0.613586596060453,0.628867128838845,0.634773878477209,0.642565253168735,0.654020538246819,0.665509946549867,0.67465570919203,0.687064509280639,0.704455049906446,0.712476386835134,0.730857942587101,0.748791497448407,0.762079159385342,0.767865470433614,0.777410684381326,0.788054665970382,0.794924239794069,0.804657731175733,0.810934359761171,0.817910279536491,0.827424630599955,0.841873220332197,0.845839996259663,0.84733529578473,0.856310310168317,0.883625282554525,0.894859042899769,0.902372997362332,0.910344161827461,0.927481739743316,0.935951905552037,0.947118915658357,0.952931870493357,0.968669410340887,0.976491946778949,0.969220152697279,0.972454269397898,0.978019854467963,0.989493350165057,0.966273688501181,0.972728628662753,0.979083129241298,0.985163158439899,0.98807409604559,0.997601859538429,1.00310595813471,1.01376516360185,0.981420793471365,0.981795902748275,0.980951451075335,0.977967806513831,0.969965914133688,0.981014707584202,0.980954090292261,0.980290643047613,0.97692367126837,0.973967300700394,0.970076551469596,0.967525670950326,0.965355417228519,0.956304333573856,0.952806289613257,0.94671180221012,0.946103404852545,0.949420888968364,0.958331888690691,0.953974062993903,0.951997407802085,0.944556890920161,0.946324105598143,0.951865353980164,0.958216499454366,0.967501331947544,0.970947872344741,0.973909725783549,0.979614713180288,0.994527399887675,1.00347078715802,1.00421946722991,1.01274381325826,1.02612036198178,1.03999698919582,1.03148135705322,1.03509404701085,1.03153813670306,1.03456534487035,1.03665690743208,1.04031781704416,1.04809273768523,1.06178430352559,1.0700956796712,1.07111463691122,1.07827028780573,1.08313316426759,1.08925784258957,1.09738483127122,1.09795284110856,1.09658676028556,1.11443645519818,1.11887741216242,1.12059404673602,1.1303189940156,1.12837921057153,1.1288620769492,1.13747284503812,1.13466014285119,1.16691791013022,1.17899925224452,1.17309816590677,1.17457471421785,1.1819592490671,1.18649142489197,1.19363004734863,1.18924177340372,1.19482353374454,1.18666832157987,1.19738446182058,1.20166622831716,1.20620353199868,1.21837257498632,1.23272308644039,1.23822747637792,1.23592360956466,1.25259211152499,1.25138798469499,1.2661278360648,1.2725213464213,1.27559408701809,1.27687237829247,1.26078814968804,1.25586661150253,1.27242898613296,1.28417935429125,1.2917205103739,1.28528042702675,1.28129691094964,1.2941879697449,1.29696095964711,1.30158228201167,1.31167405833316,1.32303761556783,1.33077313319077,1.33775830406297,1.33861689686693,1.34773962436498,1.34168490737027,1.3562785358228,1.35097662270412,1.34353070852898,1.34983447894302,1.35134469939179,1.33884742344618,1.33476185463643,1.33444776129533,1.34090166984471,1.34415632965516,1.34919021117353,1.35250456049897,1.36539444415153,1.36458937228,1.35047062775512,1.3460418345736,1.34803787432085,1.36678781541894,1.37371280327702,1.37655887702517,1.37975799835686,1.38244649024415,1.4014447620277,1.40706251699806,1.40657404990094,1.41771612365732,1.43184107595972,1.45256254968811,1.44869600033468,1.46451726714421,1.47391375587576,1.48442463473839,1.50618956263775,1.50982333592516,1.52152173516248,1.51359681140858,1.51302668619168,1.52346637837113,1.52597539923495,1.53302132542659,1.54469548781965,1.56024767450688,1.56533480162806,1.57155554631653,1.58365344863305,1.58885105855071,1.60552001593961,1.63000900991898,1.63837183216463,1.63978380442968,1.63755733313109,1.64333166906775,1.65187271552935,1.67451639040001,1.66266890094344,1.66123683706546,1.68097779813394,1.68717041144978,1.69594822333242,1.70950631351396,1.72279978121439,1.71057465866602,1.72489496462488,1.74342772939961,1.7617806962838,1.76798287786226,1.79721584507231,1.78962446212991,1.78021345645475,1.77303893829583,1.77259476752901,1.7516497859185,1.73486660870683,1.72080469839952,1.71040904541757,1.69249553634567,1.67173888524876,1.67259840138306,1.65820036550857,1.65765325019911,1.60372483499539,1.56841503422467,1.55934042635138,1.55259207603864,1.54177728796775,1.51304658343823,1.49899202345079,1.50445263455714,1.48069758109542,1.43220254290735,1.43968931792939,1.44090188014577,1.37281105407684,1.19940262480159,0.685982583507919,0.11003930670194,-0.358116304040086,-0.686319861935253,-1.7810406038886,-5.12586382342886,-6.24694352585919,-10.121616471028,-11.9845670841935
"16",0,0,0,0,0,0,0,0,0,0,0,0,0,0,0,0,0,0,0,0,0,0,0,0,0,0,0,0,0,0,0,0,0,0,0,0,0,0,0,0,0,0,0,0,0,0,0,0,0,0,0,0,0,0,0,0,0,0,0,0,0,0,0,0,0,0,0,0,0,0,0,0,0,0,0,0,0,0,0,0,0,0,-0.000117003372614698,-0.000119200272513042,-0.000123042227820166,-0.000125525062331672,-0.000128273806719589,-0.000131647974862347,-0.000135038907900993,-0.000137151750474133,-0.000139776620909116,-0.000141467779781579,-0.000144191842517217,-0.000147345971401477,-0.000150698484887052,-0.000153666569996137,-0.00100019787223879,-0.0011230055669276,-0.00115999890578768,-0.00120824456583728,-0.00127350817328836,-0.00132292405781851,-0.00643132528395297,-0.0067777820953314,-0.00703602007126122,-0.0131315599490274,-0.0140328366550718,-0.0148909488689393,-0.0190760459085651,-0.0198527023828786,-0.0211334264102244,-0.0275857282947384,-0.0292070684252228,-0.0306923136631705,-0.0324105370611631,-0.0338233528691199,-0.0430084047130369,-0.0590577101228672,-0.0708796247977056,-0.0792030615680425,-0.0839730845779877,-0.0904348680085162,-0.0929278214041251,-0.102070174581431,-0.109955594908591,-0.112974726694139,-0.118683465135959,-0.128545548518053,-0.138242203936586,-0.147364786571178,-0.153210335171687,-0.159517911178393,-0.165062103486733,-0.165143049177383,-0.169433013276306,-0.174927509617271,-0.181731299073547,-0.19163722568206,-0.203606250099257,-0.215287519853656,-0.22971039192921,-0.236675267588364,-0.246488191018763,-0.269464628476127,-0.290955575266774,-0.307246376668716,-0.318651215317028,-0.34411570748063,-0.358351914799771,-0.367442353482047,-0.381390414561947,-0.382415914945062,-0.39957861778292,-0.422633534074483,-0.442194933967156,-0.453627436738701,-0.456732382600658,-0.459435084988247,-0.464476233889308,-0.472461824605893,-0.491202505423218,-0.504317239159573,-0.515648402500559,-0.527574591279039,-0.533461347094575,-0.54028788883102,-0.54265731621092,-0.54016268362439,-0.539025855254294,-0.557096073334524,-0.558619815964174,-0.573118082454377,-0.58417233761581,-0.582545311220912,-0.601220512516079,-0.610029970164909,-0.611207051516819,-0.619155431183972,-0.617748599237435,-0.61897896667212,-0.630921406715574,-0.643584756003681,-0.647994135936666,-0.65180511046894,-0.676753855798,-0.681080778355762,-0.691247078181268,-0.701121925666323,-0.703498855782685,-0.709307160609757,-0.721647089191562,-0.718157678926294,-0.715558633740387,-0.714078098349146,-0.718913724278356,-0.724155574514379,-0.72456607870323,-0.738820957896506,-0.744697843242652,-0.755937677388789,-0.76084271785546,-0.758992157353961,-0.757197690982872,-0.756092019764058,-0.771892867599189,-0.776291457351871,-0.778989438888958,-0.78667354032973,-0.787424340740728,-0.784388828514613,-0.79445202572713,-0.789141881155683,-0.788274501393864,-0.787102206145733,-0.790850066123566,-0.794062308031477,-0.800015334474246,-0.810671934558406,-0.815606737551941,-0.815846711923418,-0.817056524341455,-0.812408649144386,-0.808496656731727,-0.811805996560508,-0.814763070411147,-0.823240851239438,-0.824681868924269,-0.830597498634055,-0.837185334451777,-0.846339182569509,-0.853244120152697,-0.854905647306363,-0.873355098498976,-0.878684700788208,-0.875577423537185,-0.882025611604015,-0.889809486856122,-0.892163635033152,-0.891184356519002,-0.893003407470131,-0.901992917506207,-0.902312241036542,-0.902745585253313,-0.912655126803655,-0.917422572557226,-0.913635190931254,-0.918710515015145,-0.91637087103119,-0.916892354118381,-0.92367743566713,-0.925213813094769,-0.930024486630906,-0.932745030282844,-0.934060748081369,-0.94110190608022,-0.944243798514143,-0.946491577594838,-0.94693126372795,-0.947612362064645,-0.951105846985533,-0.952973767855281,-0.956972855696757,-0.960615560320069,-0.960906010035269,-0.96407675339925,-0.962713656465866,-0.9653621328709,-0.9680498878773,-0.968760183113545,-0.970848676093154,-0.969426042983212,-0.969600977165062,-0.970462623244917,-0.97164083139606,-0.974134017408768,-0.97414665823404,-0.974546489865669,-0.971436780749388,-0.975188106175259,-0.974550507849719,-0.975363507522754,-0.982986338209807,-0.987247337245962,-0.989376064975992,-0.98962413059517,-0.993098421191687,-0.998184107732795,-0.99966694046977,-0.997504821267069,-0.999554635671603,-0.997881833663752,-0.996873029504801,-0.997856597242719,-0.999051603105418,-0.999720863750563,-1.00661032335914,-1.00751083511874,-1.00756405078078,-1.00876694908074,-1.01021005663994,-1.00867216363264,-1.00897379667248,-1.008779262773,-1.0149216381172,-1.01351167019845,-1.01436285893572,-1.01631421727609,-1.01794414498502,-1.02021442838275,-1.01997741487963,-1.01775459478702,-1.01955546310606,-1.01990748923315,-1.01881179811116,-1.01706590471199,-1.01605209610292,-1.01775977472379,-1.01743877471675,-1.01651982981525,-1.01392271684478,-1.0158346865261,-1.01703055942458,-1.01787006785651,-1.01856356727892,-1.02103341220931,-1.02356666384718,-1.02330519174773,-1.02297348027424,-1.02284725690274,-1.02400837530567,-1.02443923989379,-1.02559302897627,-1.02565293261687,-1.02913618429439,-1.02820032181402,-1.03497303931421,-1.03693832807034,-1.03763922738453,-1.03519628673182,-1.03205618473588,-1.03480677942491,-1.03642334403664,-1.037103106754,-1.03693778656322,-1.03935335462836,-1.03811526335921,-1.03642492678783,-1.03602933390172,-1.03600464348436,-1.03462580867926,-1.03801328456853,-1.03670353425203,-1.03716153849279,-1.03687178816499,-1.03583585847375,-1.03398724078608,-1.03041238805882,-1.02760408199282,-1.0254076939269,-1.02110316617304,-1.01756357181279,-1.01361388158475,-1.01174741580971,-1.00957391925772,-1.00439534855933,-1.0024985766504,-0.998781890802136,-0.992971447286425,-0.991159997269299,-0.988075244830012,-0.984557593117521,-0.983301098095619,-0.980388875852674,-0.975684890245199,-0.969561231280191,-0.962375501561799,-0.958229564518842,-0.958549670051247,-0.954179178403738,-0.951526834133616,-0.948494439710968,-0.941872763071698,-0.940943984549523,-0.939118025321023,-0.936007782846469,-0.929092327560157,-0.926614884416576,-0.920532405349032,-0.917117041871318,-0.912703131442694,-0.907512187889627,-0.89892764335847,-0.892297707719159,-0.882977514423232,-0.875116712336733,-0.868758450170681,-0.865233520929585,-0.858779600776856,-0.851428765951729,-0.843409705690677,-0.838160190775908,-0.830125196097329,-0.820151964089702,-0.811161194250647,-0.808439968112294,-0.803269489486837,-0.795056190543968,-0.787342400736779,-0.782504574557247,-0.776752741472815,-0.768231675683202,-0.756569306347885,-0.745657101526311,-0.73962714699782,-0.732001859549102,-0.725983431870127,-0.721373432269845,-0.711664616440109,-0.701014987691022,-0.693272210260654,-0.681421314653784,-0.673554017146517,-0.666910254209121,-0.652865430965019,-0.641843673955768,-0.627100258149942,-0.616144146227273,-0.608320636908928,-0.598989691978422,-0.588613769876779,-0.574906105384003,-0.562919497010246,-0.55578493384775,-0.54648105211476,-0.5350823067246,-0.524938199427166,-0.511537679452515,-0.497009238948203,-0.484870919963136,-0.471573665489038,-0.46218875425314,-0.447960421484945,-0.437008353321367,-0.426274680388626,-0.417575198070623,-0.41050624844269,-0.401848068980876,-0.388160580397209,-0.378830147732582,-0.364521577068234,-0.35576510206091,-0.345991847443157,-0.341209703855958,-0.330451458642444,-0.322311106322467,-0.309269360533074,-0.302546858196685,-0.288386366369873,-0.28112979979635,-0.265796302457896,-0.256203745692788,-0.244300477540028,-0.240135591892795,-0.233339524725312,-0.221703787286034,-0.219327295971197,-0.208973312558089,-0.206290732200827,-0.197096793620546,-0.187472166758616,-0.179389000694524,-0.168930455305199,-0.160268447268067,-0.1552255311235,-0.155699216059268,-0.149175408667954,-0.15195756655357,-0.158713565635039,-0.172950410424213,-0.177614888595226,-0.192222141424657,-0.213829039359472,-0.256657074411926,-0.296248727478639,-0.333161268702127,-0.370153158687794,-0.398827436599631,-0.430543475443805,-0.389265944859829,-0.406290097326305,-0.430814922839399,-0.414334914802118,-0.378213443376561,-0.424332299194789,-0.386077799725704,-0.4938168864788,-0.488803003266431,0.0469085569516032,-0.143850263962737,-1.58892689795973
"17",0,0,0,0,0,0,0,0,0,0,0,0,0,0,0,0,0,0,0,0,0,0,0,0,0,0,0,0,0,0,0,0,0,0,0,0,0,0,0,0,0,0,0,0,0,0,0,0,0,0,0,0,0,0,0,0,0,0,0,0,0,0,0,0,0,0,0,0,0,0,0,0,0,0,0,0,0,0,0,0,0,0,-0.000449392848173869,-0.000457830819493909,-0.000472587208129907,-0.000482123412495098,-0.000492680937819216,-0.00050564062434796,-0.000518664702390754,-0.000526779821813966,-0.000536861565395398,-0.000543357059374989,-0.000553819786081204,-0.000565934333988066,-0.000578810848144498,-0.000590210829110745,-0.0011255256792734,-0.00120844278159355,-0.00124789341547698,-0.00129706368507403,-0.00134331622894605,-0.00139219802432304,-0.00149742167231134,-0.00153725321945527,-0.00158634284619753,-0.0165324098544926,-0.0175656242671951,-0.0186469713535311,-0.0201408706752933,-0.0209984455502709,-0.0221056960480759,-0.0234569890170257,-0.0248675482116383,-0.025980093605496,-0.0271656111698492,-0.0290820098113363,-0.0300616949971492,-0.0311148988738857,-0.034576916157885,-0.0368724772091474,-0.0384622857550801,-0.0405371997359004,-0.0559494586500193,-0.060373956932497,-0.0706972053146505,-0.0737213974923353,-0.0764925671112578,-0.0809260421432129,-0.0786175431756275,-0.0821831929728213,-0.0898385279468695,-0.0930307833495573,-0.0936710973480182,-0.0960633877035727,-0.0912831808908415,-0.0952941034944043,-0.0962097357146554,-0.0981237502552535,-0.0991583849218443,-0.100778376076064,-0.120711021922814,-0.121956760460182,-0.124632896816581,-0.129678034011362,-0.135040504518807,-0.140732677584061,-0.148910238633872,-0.158691606124315,-0.168950577592709,-0.168834345658104,-0.195863672320758,-0.198500562359609,-0.204452038873241,-0.207360440171354,-0.216568032023678,-0.237098872508156,-0.229095422766437,-0.230913941852363,-0.23730163792563,-0.253020679074914,-0.264225101393943,-0.266614725641569,-0.265885662691107,-0.279278767406874,-0.273226543189539,-0.281261613738656,-0.276859812081033,-0.27628931359232,-0.268930092794054,-0.286286113146733,-0.306228153774872,-0.307825109120606,-0.31118705947404,-0.303132628036876,-0.309694240880926,-0.306423481721329,-0.301819985065798,-0.302452809986641,-0.286370226845763,-0.292229865501338,-0.291821741133197,-0.299655903409566,-0.285351606430631,-0.290553895046428,-0.293401588872721,-0.316536666256621,-0.327550955880676,-0.321823303877207,-0.327155518689312,-0.32737422349283,-0.335565114258584,-0.343640363235894,-0.337508418625367,-0.344757572142889,-0.342061873462748,-0.335245518347681,-0.345938565902067,-0.330826950071257,-0.327367874801649,-0.338163508458983,-0.330695054078776,-0.333414633300698,-0.336124254297938,-0.327915336716377,-0.339471078097347,-0.335084398115112,-0.334596357300965,-0.344548384048509,-0.345871560751855,-0.346575668964207,-0.345940850830582,-0.330031671451475,-0.327575509419195,-0.315589748556901,-0.326915933607134,-0.322541226557559,-0.323771973560739,-0.329085830262303,-0.323738437348737,-0.32188845935933,-0.322101133497019,-0.320750968450937,-0.305225134949579,-0.308437789699157,-0.302103051150952,-0.297168249399476,-0.291651590357904,-0.297388309307788,-0.314133408392081,-0.314909712434045,-0.320045549181765,-0.318244630764482,-0.318618362020972,-0.31403040834621,-0.311864060336495,-0.321980405727741,-0.327161917407638,-0.334016483829223,-0.328599951436698,-0.326533779297203,-0.32477645857429,-0.315003951268951,-0.311298408903249,-0.322377767928315,-0.323191322079095,-0.311690554272038,-0.312948308832479,-0.307698502851235,-0.303806828915945,-0.303597247935688,-0.296343474809856,-0.296219531980398,-0.296216114384575,-0.291456098799062,-0.299635030670596,-0.300642200765868,-0.299120855304003,-0.302668478658997,-0.307669929259674,-0.309824027516853,-0.319261142242793,-0.32155387068259,-0.324040911584555,-0.321372026325838,-0.321229341498705,-0.32347819130769,-0.323126980298862,-0.322402091105434,-0.318828987694346,-0.320117543557134,-0.31784291821988,-0.313593724282032,-0.31252240931171,-0.313400676088476,-0.319996120572568,-0.325021937725505,-0.326963095742142,-0.323115072261614,-0.322564989890193,-0.32601047420777,-0.326271071268764,-0.330376981026139,-0.330590405427075,-0.329551664484598,-0.328474582235098,-0.328999755910019,-0.333790604667634,-0.332703117617237,-0.327530076435582,-0.326359419139074,-0.330433923525141,-0.319537749332361,-0.316384007173558,-0.311074391033003,-0.306214609284083,-0.305009805298326,-0.30099566806916,-0.30023452683749,-0.300933271761155,-0.298575399601528,-0.292839774635405,-0.290244797949719,-0.285660482159227,-0.284647596784532,-0.288113330593516,-0.286104547598166,-0.282699694062831,-0.277578703988036,-0.275231809853595,-0.270176827305895,-0.26668774664949,-0.26718773152039,-0.263060617980531,-0.262167074945944,-0.259427518895093,-0.257750019625157,-0.253998192578044,-0.251884789437491,-0.248612886824917,-0.241493774023311,-0.237946267398199,-0.234272643989239,-0.231365034176848,-0.228537847519764,-0.227268012610291,-0.223848235281589,-0.218187915660171,-0.216274953180803,-0.21508843966718,-0.20729948675103,-0.201368490891421,-0.193873710357676,-0.189351295490038,-0.186805976509104,-0.180405803529119,-0.176804326393186,-0.174304652085438,-0.166837870113189,-0.160718390032361,-0.154695940581496,-0.151473635782072,-0.14646506842075,-0.141454740191776,-0.138343480796735,-0.133219968708701,-0.128331520593119,-0.12197953979658,-0.123315562222556,-0.116651289690544,-0.116682589756002,-0.10958032573257,-0.103637893260124,-0.0970858445799027,-0.090040354973763,-0.0838378656722575,-0.0793069717912245,-0.0673025169250827,-0.0592345412846502,-0.0549869773090532,-0.0506550116558557,-0.0436649590802397,-0.0435695989711731,-0.040425117615825,-0.0339716567997779,-0.028336610717175,-0.0203718614232491,-0.0129951415537519,-0.00491146563373146,0.00144191733527888,0.00727298655485464,0.0132576881676516,0.0189216132918255,0.0227731277118572,0.0301942390392886,0.0404560056582923,0.0485335158366811,0.0548193536101655,0.0590896637627578,0.0651630682114579,0.0630350048917072,0.0763940986506444,0.0846860274569923,0.093430607646199,0.103101585736539,0.113803744501106,0.12271248543019,0.133727004536879,0.146202793321162,0.159683524257499,0.170247392506081,0.176352158692288,0.18622629876549,0.193563648042859,0.202028716520969,0.21429908183137,0.221676463728913,0.229703996733607,0.242326786259136,0.250017363438695,0.255342610376061,0.263443009461065,0.274188522990712,0.277869445879757,0.282854193814531,0.291936766368934,0.29718271339452,0.305859810472719,0.319888322027726,0.326781034717852,0.338007845157619,0.346621681384178,0.355835258069014,0.360385767553445,0.366944157335239,0.37373813854162,0.379355402690427,0.387390899839579,0.394626492520868,0.409582276749978,0.415464519287044,0.424377975202059,0.427027966191675,0.434593076714258,0.444775389880815,0.450674449007533,0.459319615972052,0.460578158130342,0.461150196929655,0.465129105084063,0.467272443721363,0.472527562037454,0.475436685115692,0.479793933821724,0.485679395544338,0.488831918766854,0.488846933947478,0.489439949700906,0.495289179931588,0.497696406796703,0.496298157459756,0.487324479154774,0.4869653091583,0.485025030982223,0.486859156123387,0.483707238873548,0.47812576300879,0.474557907395696,0.476722983154483,0.478422752747842,0.47195802969073,0.463137273348263,0.454864025324607,0.447288525069408,0.437058280400523,0.424390569751833,0.427832137640165,0.414622143267293,0.413432542632501,0.399238423104147,0.390188549146364,0.37718679032001,0.36557536202549,0.355256321376407,0.334015028438431,0.311299062506524,0.28666090650001,0.268949179905053,0.247828909342588,0.221068987738396,0.197088913649698,0.1673016678561,0.141335594766482,0.122222404255102,0.092668667943582,0.0582652985074075,0.0249530203507016,-0.0103411617217439,-0.0410511486647209,-0.0821970567261021,-0.130034398737719,-0.187380267357301,-0.249931897161931,-0.291033537753228,-0.385794853014529,-0.514194168981844,-0.732075346446922,-0.996891462152942,-1.23456910343035,-1.72726223121538,-2.17543446691283,-2.38294742534147,-2.49927724557072,-2.40847189349046,-2.57447006156883,-4.0079579523117,-4.46042169639789,-4.90720348247739,-4.66178201679356,-6.03693690093904,-10.2161931906934
"18",0,0,0,0,0,0,0,0,0,0,0,0,0,0,0,0,0,0,0,0,0,0,0,0,0,0,0,0,0,0,0,0,0,0,0,0,0,0,0,0,0,0,0,0,0,0,0,0,0,0,0,0,0,0,0,0,0,0,0,0,0,0,0,0,0,0,0,0,0,0,0,0,0,0,0,0,0,0,0,0,0,0,-0.0254840096009865,-0.0259625070737578,-0.0267993071056315,-0.0273400827868356,-0.0279387751732762,-0.028673688461875,-0.0294122532415221,-0.0298724425438991,-0.0304441544687058,-0.0308124986281906,-0.0314058152083657,-0.0320928026769572,-0.0328229994562855,-0.0334694655172729,-0.0336716127471183,-0.0342422474996245,-0.0349141117712809,-0.0353595600675906,-0.0362274959686493,-0.037115145573025,-0.0376403707266959,-0.0382205764876542,-0.0388953945969051,-0.0395026600874221,-0.0401280184020246,-0.0397093710030583,-0.0407583951818929,-0.0413572802210562,-0.0418501504698604,-0.0425261635668622,-0.0434440841571928,-0.0438058023370669,-0.04438653153069,-0.0450255429041878,-0.0459768901072694,-0.046543545918763,-0.0469096249178654,-0.0473735782244307,-0.0483170298773107,-0.0454422449499893,-0.0447523503454149,-0.0451776426454563,-0.0458702280392312,-0.0453835779435045,-0.045621008070791,-0.0430895566934065,-0.0395119079607788,-0.0406829075975569,-0.038206129587199,-0.0377830733957218,-0.0355956667019522,-0.0338455925293669,-0.0315677014422612,-0.0302041992113189,-0.0220097923641389,-0.0201951774444029,-0.118860911925891,-0.123257934054524,-0.1274631649998,-0.128824815308461,-0.142891036649431,-0.140224574362016,-0.147229423929794,-0.211125866427851,-0.238928631583577,-0.246844187333784,-0.255654064615119,-0.281038053622629,-0.289942846871598,-0.299569357310566,-0.300526523218999,-0.301494179315938,-0.310935198374274,-0.304597594241764,-0.303323888976575,-0.293988571425025,-0.291966943256334,-0.292992094501766,-0.295924944917743,-0.298696970534081,-0.291372506009038,-0.326027120861749,-0.337490925210111,-0.393310804715079,-0.390710679072761,-0.399890248103581,-0.464190049172202,-0.470495147848082,-0.473127842805588,-0.469151377452408,-0.471135031900957,-0.474806134094462,-0.481730591908432,-0.484220793674783,-0.479063132913885,-0.478937903471158,-0.474164148217546,-0.472644870306844,-0.478998209702147,-0.514565533466777,-0.506049354071745,-0.504939713611344,-0.503050314488727,-0.491702612183508,-0.484120599585746,-0.486437541227659,-0.485090296664944,-0.47784950260034,-0.482944165297161,-0.473690149135415,-0.463102148965951,-0.483053869614917,-0.475797513655889,-0.463696756586026,-0.457486854565057,-0.448087612601538,-0.434505825496548,-0.429592928061456,-0.455130707996598,-0.444768488878195,-0.447694196444859,-0.468921650628246,-0.464463200892228,-0.459926280382199,-0.451255566909447,-0.456126300843593,-0.448969063551952,-0.435405968120998,-0.44007064401915,-0.43634170929142,-0.430997530094748,-0.411840876472736,-0.407792339511003,-0.40347508621254,-0.412622168212776,-0.40306543760811,-0.396500559731788,-0.385839405060497,-0.377701927782016,-0.362060477822259,-0.35385381729865,-0.346373294010994,-0.342596173582796,-0.336991476326557,-0.323857972508675,-0.327350260463627,-0.316701730582595,-0.313156064855547,-0.310008914609932,-0.319878601097655,-0.312217525910118,-0.310353291332676,-0.299122255831012,-0.294778930482961,-0.293982821306031,-0.293799409289568,-0.284717191432072,-0.279136112246417,-0.310065116679574,-0.303793799564628,-0.299744189458531,-0.297319825564947,-0.295343771850144,-0.283508315402696,-0.282272352887687,-0.270600648260913,-0.263800697708489,-0.262507938854209,-0.256606251014687,-0.258913405518273,-0.259379707617501,-0.259505293810824,-0.261877545799811,-0.255480306198753,-0.249836524404128,-0.250174778117325,-0.24667888735074,-0.246252173782097,-0.246558182821509,-0.24508684443796,-0.233655365621711,-0.226133945715781,-0.226889895981619,-0.225633741529148,-0.22360082955842,-0.226814723003166,-0.222041795329629,-0.223385562531481,-0.216906344708908,-0.216082841372472,-0.208954574650256,-0.212364271228517,-0.21644145327306,-0.217060313603815,-0.213367886015687,-0.206240734097985,-0.20959980925795,-0.209512985982246,-0.203797717394237,-0.205140058786287,-0.202948067475709,-0.207115583382354,-0.205492550173857,-0.206633923983077,-0.22250976623623,-0.227046558444655,-0.225080529531799,-0.225297344027441,-0.247430562906393,-0.246150054668206,-0.243566324119146,-0.24539790790052,-0.250775213035314,-0.25257151624549,-0.25373707588891,-0.248664846965078,-0.31271182910775,-0.32323600476845,-0.331875351223494,-0.34556838874703,-0.357834146807252,-0.358602683073223,-0.366755931517363,-0.378378619219113,-0.386353038155975,-0.395972004250475,-0.410185691730672,-0.421128595106663,-0.431820731472811,-0.447948098056502,-0.462721598793681,-0.47808996367225,-0.483644899959427,-0.502136418689832,-0.510095709363916,-0.522734300222041,-0.530691019902609,-0.540537029031682,-0.54955751635464,-0.555369609956738,-0.55559865211708,-0.557734140894299,-0.559122571217156,-0.564254192161312,-0.567570953051347,-0.567879456520498,-0.571816210412079,-0.57865052020696,-0.580335471496285,-0.576999327557788,-0.573719989196706,-0.595740448326131,-0.602928346718442,-0.613100869462666,-0.622295508588994,-0.623939593684458,-0.631878479896146,-0.629006017892128,-0.63432402877656,-0.632401816001849,-0.635671168702671,-0.636088609981067,-0.639732177420264,-0.64700725722833,-0.644642130890039,-0.653719040061332,-0.66383595862197,-0.657936823660537,-0.65709714430206,-0.660203825728779,-0.661502104083151,-0.668233785767847,-0.673211440757489,-0.668220472803136,-0.675030593093028,-0.678160352279447,-0.671572941049645,-0.679208998642687,-0.678820026254877,-0.685933466518094,-0.687752738951564,-0.688245630447032,-0.695072114886794,-0.697726988323573,-0.706406429439512,-0.702458561092937,-0.706124777373359,-0.709621845768662,-0.70554237772551,-0.694263397708819,-0.698297138209892,-0.70466801800209,-0.692351166863862,-0.696777203229892,-0.687413614683506,-0.685690780250332,-0.686993410591963,-0.689061476239389,-0.701133629896826,-0.705598816222321,-0.696993153193195,-0.687354435881359,-0.682185366644366,-0.687543919489269,-0.690669276547043,-0.68311201462408,-0.677916855040243,-0.675170220185049,-0.663019359372783,-0.652832624643085,-0.646586804494283,-0.634206308137077,-0.628895272236774,-0.612373311773167,-0.614957305803097,-0.599033122528634,-0.600053464267936,-0.60629727791368,-0.595686504129321,-0.588524748618452,-0.589050088543095,-0.587291184727421,-0.580484909507537,-0.574300582162734,-0.569545412385852,-0.553169652847334,-0.543277998889416,-0.529398693521805,-0.526739677952162,-0.527634923602221,-0.524698059205406,-0.519941327121575,-0.497659329700661,-0.487733139763645,-0.484138558242085,-0.474420213392907,-0.465507833017034,-0.441108445073888,-0.426768076945788,-0.424359081612749,-0.40274935714637,-0.374993887354602,-0.349815502494037,-0.339469636477423,-0.320677818491898,-0.304995001079378,-0.290287042148048,-0.265514473751204,-0.251204277118777,-0.234842851012986,-0.232086243651272,-0.227515270394787,-0.206021971672307,-0.188086050908136,-0.171172457119526,-0.153337272827326,-0.133170542002793,-0.117101391400906,-0.106742750664533,-0.08908873623384,-0.066388169104681,-0.0433245378055429,-0.0170935710606082,0.00286667875544455,0.0128701262730868,0.0238370839304165,0.0383866003918985,0.0541476351961321,0.0813753523205296,0.0823032872977938,0.092440924743431,0.120122443522789,0.133791471784616,0.14404132094463,0.154661725689208,0.181320956218356,0.180520940284275,0.207542103841744,0.225696481480787,0.237749799104312,0.249719365656356,0.291052607018802,0.292649018903102,0.286726327641569,0.299126047393645,0.306378214376769,0.304690985710015,0.307170241854849,0.306076790435459,0.302145686795757,0.305009810336777,0.299350552061336,0.312350962576906,0.316582707610203,0.324175309214902,0.303210519832032,0.291922748032662,0.304618917903503,0.304758688413831,0.312184315840813,0.341101405967219,0.342985386581647,0.356097507845538,0.356130921555648,0.335468413866787,0.388901578091133,0.535571251118704,0.591221807161746,0.532122748400672,0.308241027991378,0.415498668982577,0.404723706502669,0.595855229034302,-0.20372924121948,-2.2656524691668,-2.63329160577689,-7.18529725466163,-4.18313154111112
"19",0,0,0,0,0,0,0,0,0,0,0,0,0,0,0,0,0,0,0,0,0,0,0,0,0,0,0,0,0,0,0,0,0,0,0,0,0,0,0,0,0,0,0,0,0,0,0,0,0,0,0,0,0,0,0,0,0,0,0,0,0,0,0,0,0,0,0,0,0,0,0,0,0,0,0,0,0,0,0,0,0,0,-0.000399113815962248,-0.000406607729018956,-0.000419713141359779,-0.00042818241480161,-0.000437558741630905,-0.000449068470735807,-0.000460635387094563,-0.000467842569614598,-0.000476796346179331,-0.000482565110411536,-0.000491857244894888,-0.000502616391292995,-0.000514052253528339,-0.000524176780262186,-0.000661840312333785,-0.00107454538914767,-0.00110203501933531,-0.00113303261599751,-0.0011592881849036,-0.0011967342406943,-0.0039576531031805,-0.00415382391833252,-0.00430165727483364,-0.0158340083693901,-0.016877321687512,-0.0181501028650873,-0.0196745920621219,-0.0204959922835232,-0.0215143042867848,-0.0196012074033125,-0.021029741953874,-0.0222103340663758,-0.0231745469680373,-0.0238444036848818,-0.0190699723960715,-0.0202527343166738,-0.0284207194551314,-0.0308396413435873,-0.0284954838213859,-0.0263098997467068,-0.036975573295939,-0.0376833673112976,-0.0396486016556971,-0.0395465268960288,-0.0374857309610671,-0.0323568475414784,-0.0345083176492297,-0.0271183491194878,-0.0352568644300551,-0.0347594627722159,-0.0313099344159705,-0.0356456057573646,-0.0315865391622878,-0.0303756080178375,-0.0273157422022801,-0.0226552352488475,-0.0180740868448573,-0.007289293215751,-0.00797231598027247,-0.00147134646509128,0.00357974593986557,0.0123951574213828,0.0227689258022226,0.0289302526019349,0.0224269856844211,0.017673243407258,0.0227222899118648,0.0305724973403175,0.0212207498228852,0.0122136191599979,0.00931140933348784,0.0209263531516175,0.0179494157818944,0.017464468408253,0.0309152707259643,0.0278604624733748,0.0200049307535697,0.01051303795442,0.00592966549212132,0.0137745784646651,0.0149536969061584,0.00820170394959563,0.00733485360553565,0.0114039895404205,0.00777363194058717,0.00923543709656677,0.0154097109249238,0.010057433611736,0.00144670951962383,0.00582303607884677,0.00244451179468841,0.0217696604159374,0.0179653025411168,0.0262015795922543,0.0308389249032531,0.0371361438875873,0.0507508495473331,0.0508748017814105,0.0490850470022817,0.039012076817859,0.0496040483383188,0.0467665965899504,0.0530612395782467,0.0415102179776645,0.0353875249507762,0.0449806847226158,0.0331872844138828,0.0338292936450217,0.0351707182513742,0.022452807987596,0.0238295935764333,0.0217149140177673,0.0253067972006242,0.0263762771434224,0.00693947407294127,0.0235871039809863,0.0313560897345255,0.0285231551410732,0.031336967297511,0.0257842576253825,0.0195838338436494,0.0224547585493802,0.00832271733460421,0.00911574527636727,0.00973736002989545,0.00836014069570001,0.0134481800488939,0.00596655818447822,0.0132458249741683,0.0198443792936589,0.0204571264943286,0.0255374846006521,0.0148783509204385,0.017441112229086,0.0174530732332485,0.0194623839678717,0.0207468684758151,0.0224606043103471,0.0191658084104747,0.0126910403353975,0.014977744905561,0.0147408602302849,0.0210505702683303,0.0241555013450733,0.035432920237596,0.0354605945693109,0.0204706114116003,0.0260938592191359,0.0205070716169937,0.0256921752784296,0.0442702412347431,0.0605581399461795,0.0611562228157613,0.0531845499268423,0.0534685528707848,0.0450428038886477,0.0459883872968979,0.0485750953684502,0.055769804020808,0.0628184021670102,0.0668013079797208,0.0642189820115483,0.0589669781405048,0.0616200677268335,0.0652557536617652,0.0633973216122271,0.0682283294516999,0.0753665761346004,0.0778238340123674,0.0804382943168154,0.0802302532976977,0.0852373552658012,0.0831067804376667,0.081275195752675,0.0812256990232572,0.0801675764517406,0.0757246214458936,0.0748188650060188,0.0696662536122895,0.0661317085816348,0.0661833189435417,0.0687236445665613,0.076258202531747,0.069347183480092,0.0706697581614946,0.0739626558156611,0.0768739737929222,0.0836505726300726,0.0867057685068754,0.0889274005346443,0.0880516881984791,0.0873447399988837,0.0802068814012044,0.0739346133780143,0.0779044372485564,0.0757536491031914,0.0792479290424023,0.0707252183204402,0.072879231140894,0.0731008229293862,0.0703052005183913,0.0727677447500643,0.0736024313723533,0.0743725717845004,0.0705417076972151,0.0700326874358623,0.0734058465679611,0.071383934520048,0.0664498086763275,0.0736830941070789,0.0817302342031595,0.0855268986152716,0.0873807832207603,0.0901154115509778,0.0931473487665815,0.0932045045034388,0.0988554416609049,0.0979206336632034,0.101710262904841,0.107430459224013,0.112310996532518,0.115904508473578,0.110944823333221,0.112481328723785,0.115090056140726,0.117362335000292,0.118709471499168,0.120989799060581,0.120805581922741,0.120381740991711,0.123895688739915,0.121804080015511,0.123707057267488,0.121282379236159,0.124386283006842,0.124948646222973,0.124345411891512,0.130506411111579,0.135071983896464,0.136061704203134,0.137873057980358,0.141042785434317,0.143206050647436,0.14474328621829,0.150300165015757,0.148935335001756,0.151128211790373,0.159372279557904,0.164089172428516,0.17111713484696,0.177018273545894,0.184780269217671,0.188941920516798,0.193152328669683,0.199712879312877,0.203892320595311,0.207658491036348,0.211386087949315,0.213128855394827,0.218402854773325,0.221634496499536,0.224826510874322,0.229389903243725,0.231974455685532,0.236089760845825,0.234691470919728,0.24301729006043,0.240270790179613,0.245588939348246,0.248276500276028,0.252974797162763,0.258307884207077,0.26234490739087,0.262506478728361,0.267947412200852,0.271920894379745,0.272457796622041,0.274077360540095,0.275572943916953,0.269450724877341,0.268367257094267,0.270605544089577,0.271556201850795,0.272266800452638,0.273028153417945,0.277693604410721,0.280893616768484,0.281571630525601,0.283688152816842,0.28874200341069,0.2844964668584,0.287067351434958,0.290929954915702,0.290208064304144,0.289507244077769,0.289368409117692,0.28706656034202,0.279350039806942,0.28604272859258,0.286690260989402,0.288869574065954,0.293297027470669,0.296670750544852,0.295393133957528,0.297847364357782,0.303331048360504,0.312473199172264,0.318427821607059,0.317633414165526,0.317231589470516,0.314129447833068,0.311968060701457,0.313202782679272,0.314806461334283,0.318148224546492,0.323012453091432,0.322457728651676,0.319493968301892,0.320859618914093,0.323585711196021,0.317029296124697,0.314699357839674,0.323194398298555,0.32310153842531,0.326202295214583,0.330578908926806,0.332484731602456,0.339630620214089,0.340491395708954,0.341907081310686,0.339019047024276,0.338270530258934,0.334109969649038,0.331992887178939,0.333627151266649,0.333539522659822,0.336203356420957,0.336134593680734,0.335715013816482,0.333714729588679,0.335010235638879,0.332064135042772,0.329454620134972,0.326332174376585,0.318063099789339,0.310295827456547,0.30438902491463,0.297601332938805,0.291933945216995,0.283284235022606,0.280620221125913,0.279661745556067,0.279042759820034,0.272608870185048,0.267456319806953,0.264282236217877,0.262226357876071,0.255717299758549,0.23848825110132,0.228445007581733,0.21734358119348,0.205939435535366,0.19569854939308,0.178532266186128,0.168352460309487,0.162876056805368,0.154702010186398,0.134352767715331,0.117210102868592,0.103505079395116,0.0921338166461967,0.0727034742720563,0.0520341331511849,0.0484392225515418,0.0276812297321325,0.00955492671609726,-0.0159157705435113,-0.0394394061702361,-0.0641647533757642,-0.0904895543557196,-0.110880199915876,-0.143415873990523,-0.173479115474096,-0.208432058555807,-0.23928857891768,-0.264693081802484,-0.304887759923704,-0.346563403352382,-0.387503057727961,-0.434530046279013,-0.468442791604837,-0.517787247628057,-0.568163740521585,-0.624120036167983,-0.679450905351692,-0.72105039247314,-0.769582951564846,-0.841090110809819,-0.92012316592916,-0.996435692075595,-1.08523722031811,-1.19728135494151,-1.34929467763728,-1.57883645068279,-1.87974182981327,-2.14432736661463,-2.69597329108514,-3.1943195295633,-3.49075161081837,-3.73548611100446,-3.98317820691903,-4.36493574522391,-6.44937867360664,-7.63456971664219,-8.46552102072612,-9.01999319136735,-10.5806514788803,-13.7911089755588
"20",0,0,0,0,0,0,0,0,0,0,0,0,0,0,0,0,0,0,0,0,0,0,0,0,0,0,0,0,0,0,0,0,0,0,0,0,0,0,0,0,0,0,0,0,0,0,0,0,0,0,0,0,0,0,0,0,0,0,0,0,0,0,0,0,0,0,0,0,0,0,0,0,0,0,0,0,0,0,0,0,0,0,-0.0266515984014658,-0.0271520189663649,-0.0280271582690501,-0.0285927104135672,-0.0292188328055792,-0.0299874172683193,-0.0307598205207439,-0.031241094098475,-0.0318389998778187,-0.032224220287237,-0.0328447205722136,-0.0335631834203453,-0.034326835279743,-0.0350029201701265,-0.0357678413170607,-0.0363883468958852,-0.0371137407247137,-0.0376099711576621,-0.0385267901977256,-0.0394798804044337,-0.0388967073371205,-0.0394753078123465,-0.0401712974346803,-0.0414714265151334,-0.0422373451574662,-0.0429182113497457,-0.0438574796509106,-0.0445672462820754,-0.0451430711914356,-0.044075640826833,-0.0451385260931383,-0.0460403486527242,-0.0467025028608907,-0.0477318748198277,-0.0426579517933009,-0.0414114475193563,-0.0415164531257132,-0.0433298779145804,-0.0423882142262253,-0.0413102863114198,-0.041557878708596,-0.0401339181434634,-0.0387788672480722,-0.0370851712329336,-0.0353429965528681,-0.0227948240179667,-0.0216195090147219,-0.00666549099817647,-0.0050923061857084,-0.00106090935561745,0.00822438765338672,0.0107698389138101,0.0147800240028437,0.0228845051402942,0.0337801476102559,0.043513808124941,-0.0469181092097702,-0.0393532042856862,-0.0382470330958543,-0.0349346331742645,-0.0427446971465855,-0.0379691307690871,-0.0299946244810479,-0.0899741832485801,-0.117038401094712,-0.119646423510561,-0.119694881284678,-0.132464182320726,-0.125215300749186,-0.137904610362426,-0.137688685558794,-0.132945374590516,-0.140254005030974,-0.124010295456322,-0.108974990110132,-0.0980691249724223,-0.101164737249401,-0.102097710759614,-0.0989602570558876,-0.0913479633826312,-0.0830688097954884,-0.105229189229832,-0.115243186161599,-0.166891430089565,-0.169428911368105,-0.176716815940279,-0.25262326256964,-0.242115054752939,-0.241925894820342,-0.234306114407823,-0.225773949403109,-0.220672000557294,-0.218458437329281,-0.215385907350473,-0.214849197327662,-0.199924719995632,-0.18678131746993,-0.180085152731977,-0.189247166792789,-0.215768072165203,-0.213797233063458,-0.210470531132366,-0.208158456303203,-0.190113044476288,-0.182365146076555,-0.176611027938496,-0.179395422237951,-0.167761579934307,-0.16802830911324,-0.163627054203711,-0.155829783446106,-0.17176369826898,-0.169116394153014,-0.158192569791818,-0.15709517151467,-0.144669905561378,-0.125938873240683,-0.120368695096607,-0.149418838993961,-0.142290028385847,-0.137537487942705,-0.159463055096764,-0.156731971820797,-0.146974668803626,-0.141428872977004,-0.141058387297342,-0.136039567582168,-0.120854440847781,-0.108289057244483,-0.0994968307033933,-0.0961599754108722,-0.0881528204427605,-0.0796790384811129,-0.0765494664897198,-0.0844163547356966,-0.0740431915253389,-0.0637618180072785,-0.0380281088272098,-0.0329852609879462,-0.0261201657040208,-0.0201916308917066,-0.0113308630236258,-0.00586262501010026,0.00361697711474185,0.0179467050925513,0.0153532007831745,0.0295581634764773,0.0378626535029841,0.0468104900305764,0.0171198978604231,0.0445144430179031,0.0561088771950485,0.0634875692389464,0.0698791278328469,0.0687949202657647,0.0645929875004441,0.064300510702718,0.0679416142192818,0.036325077007916,0.0416599697120702,0.0479485089055522,0.0503186365272869,0.0510527362569889,0.0540211315527959,0.0576660893274813,0.0617703983044648,0.0685715067251761,0.0722356539881935,0.0724902824873678,0.071134974942188,0.0692437031472687,0.0677864605941474,0.0667529368680035,0.0699948214087935,0.0743830399764376,0.0730153325853673,0.073637481394335,0.0728935160030848,0.0767652811524013,0.0763015049616953,0.0849481084228652,0.0888602738215609,0.0875643848870773,0.0839163988941232,0.0842816234505293,0.0818983102499562,0.0851244040767216,0.0877612705161874,0.0904194380872161,0.0880874356512866,0.0906506799279672,0.0858811513904205,0.0794104634290882,0.0750487714939421,0.0837190881692556,0.0850249219486814,0.0825842187647039,0.0823145478345984,0.0886566915692022,0.0915313324411133,0.0932148628911775,0.0907686761447757,0.0889686980977746,0.0894654930091725,0.0729290377823459,0.0670614140074228,0.0710499644775582,0.0732913764011232,0.0457661218132619,0.0478990357191813,0.0495977672083594,0.0482105343719552,0.0448914283687627,0.052685218538381,0.0512314906430076,0.0563099494190495,0.000693844219535666,-0.0113649417008848,-0.0221369617604825,-0.0315815888288316,-0.0461899992633328,-0.0430603080042504,-0.0517062405589073,-0.0639034333652908,-0.071553218232834,-0.0841760431286274,-0.0970447248206903,-0.109835560180851,-0.122610212220806,-0.139810704419082,-0.154704117486048,-0.16803113926665,-0.173980299821462,-0.195295058478476,-0.203527614982172,-0.21797006781687,-0.228004124808464,-0.239080724831333,-0.247504535456035,-0.253558228998877,-0.253989010316249,-0.256730168003897,-0.258372724511046,-0.264736854470982,-0.270641984717494,-0.274410123011874,-0.278231573794582,-0.285554559263728,-0.288493371301837,-0.285669837276839,-0.281440573906759,-0.301662101344393,-0.310369988290219,-0.315637093770091,-0.320916837913265,-0.326077060303624,-0.335880756073092,-0.337103080637564,-0.343258406080343,-0.341912395058688,-0.34783824349005,-0.348464556802808,-0.353712481305607,-0.364395032279767,-0.365915799415871,-0.375167037334998,-0.385764366540043,-0.38214709567029,-0.381225041823219,-0.388568601861242,-0.391383568882874,-0.398801128474316,-0.405961113152167,-0.405516163135704,-0.416452416974672,-0.423462175054868,-0.41978635180505,-0.43050474898848,-0.435796091547052,-0.448086671133841,-0.454263046952612,-0.457843444755193,-0.469964052891191,-0.478421208645226,-0.492490803971858,-0.491301849102016,-0.499448353257054,-0.507932761206723,-0.510409700242056,-0.503926543110748,-0.512559957236544,-0.524167230245227,-0.520801427750419,-0.53509790289847,-0.528369009115651,-0.531916559622301,-0.539414818937056,-0.547475100882363,-0.563321641106862,-0.576697441100232,-0.577549785637867,-0.572979341445387,-0.576328088916701,-0.591133589564247,-0.603750669462181,-0.601133575993589,-0.600954011216004,-0.607509684307559,-0.604805610394984,-0.603687390501596,-0.607500995435515,-0.608452891597911,-0.614126239712973,-0.606298585713986,-0.61799303515849,-0.612065780684477,-0.624660076440952,-0.642128379486202,-0.63822315087343,-0.638596556735766,-0.653888808133259,-0.664727434649462,-0.664341803673272,-0.665315238254074,-0.670722860508898,-0.66482607833793,-0.662054915672904,-0.651180522964291,-0.661639807706782,-0.675434147829909,-0.682556934226525,-0.688872645927117,-0.678729071765913,-0.675348086902407,-0.677476291507137,-0.677060898060245,-0.678293648105735,-0.661879877076972,-0.660209081501237,-0.670665473129309,-0.66012711854451,-0.651045016542822,-0.63587517682353,-0.641411337751779,-0.635518222320826,-0.626139831989686,-0.622847243703647,-0.607799786097719,-0.607125669935031,-0.602326635662057,-0.610959669592226,-0.617879349275589,-0.6035141191656,-0.596834746232991,-0.591867091539482,-0.586405438128696,-0.576110381548467,-0.569923799543573,-0.568536317707812,-0.560778663448572,-0.550405528390647,-0.537378167506051,-0.517394133457447,-0.511389745962285,-0.507053077285296,-0.508659539169087,-0.502465052439011,-0.498562088190903,-0.485630598551472,-0.495619930733398,-0.491689693887051,-0.47787074252195,-0.479362159576134,-0.482587849377829,-0.478622444932097,-0.471691903499663,-0.481369024731907,-0.472287535651881,-0.469610054938852,-0.47468915308175,-0.472826652827412,-0.447169766689697,-0.459478094028713,-0.478530375542705,-0.489161331058704,-0.489932716651245,-0.509545889590003,-0.522394333305467,-0.542774408346365,-0.571941645215216,-0.594991703119194,-0.626674421746984,-0.633659484368379,-0.650249031981754,-0.669111089872791,-0.717434152818669,-0.745054313818199,-0.747295283880884,-0.778913403806583,-0.796509283693234,-0.843251681593078,-0.863927728676954,-0.896278649586732,-0.923139588471148,-1.00661541144009,-1.04100345923362,-1.11341841401505,-1.25882921272235,-1.44988489482744,-1.87687788453414,-2.17518518638675,-2.43712849068785,-2.45540901305612,-3.43987656370829,-6.43686028756257,-7.3612858033256,-10.9390113850496,-10.028019491959
"21",0,0,0,0,0,0,0,0,0,0,0,0,0,0,0,0,0,0,0,0,0,0,0,0,0,0,0,0,0,0,0,0,0,0,0,0,0,0,0,0,0,0,0,0,0,0,0,0,0,0,0,0,0,0,0,0,0,0,0,0,0,0,0,0,0,0,0,0,0,0,0,0,0,0,0,0,0,0,0,0,0,0,-0.0260908181703287,-0.0265807093119705,-0.0274374346789118,-0.027991086956954,-0.0286040350149384,-0.0293564475781108,-0.0301125985792483,-0.0305837456083163,-0.0311690707635606,-0.0315461856932632,-0.0321536299397993,-0.0328569755046834,-0.0336045592521513,-0.0342664185401755,-0.0349463628162469,-0.0355224866941074,-0.0362289646246224,-0.0367099293667345,-0.0376106502488723,-0.0385399911378947,-0.0390640125769828,-0.0396708692906199,-0.0403827407120446,-0.0394811056800498,-0.0401348744342936,-0.0407389964709825,-0.0416197264724006,-0.0422873428744847,-0.0428898400814084,-0.0434703247340481,-0.0446479336138886,-0.0453757857432148,-0.0461458326826165,-0.0472179063513089,-0.0478678365446331,-0.048523317992316,-0.0466667708587183,-0.0476478888962126,-0.0486240296703537,-0.0497956483457548,-0.0525292700181237,-0.0522503338150884,-0.0503504125153504,-0.0520544114226108,-0.0530583185464652,-0.0545276915045673,-0.0549972168856337,-0.0564034230582656,-0.0504698346076273,-0.051311895618905,-0.0542544867897817,-0.0493477665094158,-0.049935271109264,-0.0480588790926893,-0.0455008071175889,-0.0436716858175556,-0.153247021090537,-0.158570109925179,-0.148689617874276,-0.155459243035061,-0.172829927883528,-0.17589307071635,-0.182748665760869,-0.248499403236104,-0.283626721601892,-0.291698151576908,-0.302485824205939,-0.3362757523687,-0.336455175641789,-0.352498719802996,-0.35909206576824,-0.370838143549786,-0.386542500626257,-0.385954894877227,-0.390604173938279,-0.384070937032473,-0.388049046434121,-0.398007786161224,-0.403320192022667,-0.402864171792459,-0.407104441811124,-0.450330426260605,-0.465443001190763,-0.520465996886061,-0.521632526115146,-0.548539692445618,-0.617384096368072,-0.620366662432571,-0.62249105695723,-0.621781245511077,-0.621009128324247,-0.637558102030634,-0.651036240679814,-0.663321222571119,-0.654556735201779,-0.665913019208425,-0.68289637012768,-0.690611474351197,-0.701628109506315,-0.73089930321385,-0.737786727169964,-0.737113755462348,-0.736179625593939,-0.755039422856278,-0.751949850370682,-0.771791980583326,-0.756454709780615,-0.747417431746741,-0.74953623001284,-0.749692346473336,-0.743522884047318,-0.767193784645124,-0.765696448757678,-0.77061800026712,-0.751126435595483,-0.756300852923425,-0.764198040459031,-0.754293484468693,-0.782088676695167,-0.775270872099563,-0.778871664306128,-0.798251872641963,-0.791413421996109,-0.797932153520571,-0.795291593991808,-0.803506549327958,-0.780005247548152,-0.774408527571446,-0.777619557500828,-0.781209279178161,-0.783427117074108,-0.789113272399506,-0.784029865018299,-0.782754798738308,-0.816476723479945,-0.814924918337792,-0.816918069842451,-0.80660335327487,-0.805691048733873,-0.791375213177857,-0.796069555222655,-0.777300169884223,-0.781007893318419,-0.783766388655609,-0.782862143022389,-0.793160498516916,-0.780625662424764,-0.780246028729004,-0.777703154869487,-0.792372252637524,-0.791336922724444,-0.801292582864915,-0.779470219293911,-0.779274397094691,-0.786485205644882,-0.803329258621111,-0.814699541819505,-0.814060203268524,-0.867385815338485,-0.871183911908948,-0.875822956145595,-0.878526950953597,-0.882214475016039,-0.879134879737455,-0.886440132060046,-0.883924411252401,-0.888741287482951,-0.896007458749123,-0.905140536387183,-0.915070534619017,-0.924844529123881,-0.935469869997513,-0.936397860413947,-0.936399945269004,-0.940483456446572,-0.946917050603935,-0.950133052637361,-0.954646260686817,-0.960983282936683,-0.960651003744965,-0.956903459323796,-0.960350457000436,-0.974410764869221,-0.977594268741086,-0.98347137065807,-0.995533815151056,-1.00368284815938,-1.01461084940987,-1.02433724907127,-1.03360394401351,-1.03750500080652,-1.04897448683947,-1.06014531989093,-1.06005051092754,-1.06723986568737,-1.0697678354187,-1.07946432151526,-1.07267840714404,-1.07614033801209,-1.08149969355899,-1.08844719073325,-1.10111340848208,-1.11042802322222,-1.11878144143472,-1.13819106203676,-1.15209087051549,-1.16093740616571,-1.16978694384126,-1.19218087352252,-1.20256629361221,-1.20961289674833,-1.22198099009186,-1.2209086638509,-1.23043751725486,-1.23893974176742,-1.24036503181554,-1.28350143024602,-1.29694559652379,-1.31179508042873,-1.33110107237452,-1.35373203054026,-1.35934760913725,-1.36745797883423,-1.38310410720499,-1.39532525519584,-1.40956572492857,-1.42737457087171,-1.44224916082868,-1.45998499447655,-1.48098610903253,-1.50432869016543,-1.52752317237344,-1.5387454761265,-1.55929263442657,-1.57180739625543,-1.57172667219339,-1.58678274261624,-1.6076527072208,-1.62609694933786,-1.63735276654117,-1.64711040779502,-1.65763993180009,-1.67108433398827,-1.68261940745635,-1.69544232524821,-1.70408082005633,-1.71472613969253,-1.7312919666127,-1.74101298092357,-1.74949771552887,-1.75445714056135,-1.78082172745356,-1.79813184967621,-1.82011898413038,-1.83503203329392,-1.85100421009017,-1.86895140422058,-1.87684871560345,-1.89200973470964,-1.90171602786223,-1.91610635993537,-1.92750445936342,-1.94269125382369,-1.9552436781245,-1.96632778312263,-1.97857514146354,-1.99868865278488,-1.99662260307651,-2.00646133440474,-2.02403032510693,-2.03171121136856,-2.0512850372292,-2.07023917369241,-2.07475357814058,-2.09113084755887,-2.10853390658578,-2.11088568544825,-2.12674624320418,-2.13939435337016,-2.15346052603271,-2.16636632137126,-2.17475997249552,-2.19216107450292,-2.21031927750049,-2.23199932358837,-2.24132578500906,-2.25529881794454,-2.26509979960752,-2.26935442380211,-2.27122286189779,-2.28755988363783,-2.30112168687727,-2.3065387894001,-2.32242051484061,-2.32486030781996,-2.33505544746863,-2.34858779835016,-2.35761029950243,-2.38619271662099,-2.40826568056121,-2.41055439915848,-2.41392553811909,-2.42054069785386,-2.43875157979662,-2.45715855289845,-2.46017743810088,-2.46668769984534,-2.47423497977957,-2.47330829520518,-2.47178489332217,-2.47220059204278,-2.46886334753826,-2.47272244008071,-2.46822614668881,-2.48292698633315,-2.47944401540263,-2.48743548525028,-2.50467516259378,-2.50809186554854,-2.5094770455732,-2.51731050593392,-2.52139880909891,-2.52567827401825,-2.52536130507403,-2.52938233034343,-2.5305603039861,-2.53563407985715,-2.52849842909301,-2.53699283626373,-2.54768608703677,-2.54777013491402,-2.55187374196183,-2.53385669754194,-2.52630074119457,-2.52850378508687,-2.52303867920506,-2.52308299346412,-2.50724439818548,-2.49768282940112,-2.50222209488864,-2.48740825466344,-2.46670454807972,-2.44424080433186,-2.442585590751,-2.42697366774272,-2.40678715848701,-2.38795116677273,-2.36198037718635,-2.34800974820509,-2.32761423515986,-2.32844554274809,-2.32667461615387,-2.30269478599674,-2.2845424267107,-2.26553151668769,-2.24837605697032,-2.22436059405405,-2.20805322044159,-2.18891072273966,-2.16312112596063,-2.12831733477772,-2.09814938314195,-2.05983406323593,-2.02613305177839,-2.00574631649231,-1.98586485048519,-1.95965881706609,-1.92546257626139,-1.88722305088352,-1.87610802869342,-1.84612276452841,-1.80515203709845,-1.77832440584136,-1.76774808544179,-1.73667292603229,-1.7048723306076,-1.68323504740738,-1.64779042309566,-1.61021858624029,-1.57262817539808,-1.54705980150514,-1.48091726085787,-1.45195822602243,-1.4269664633657,-1.39029004568882,-1.36084478742568,-1.34323240597587,-1.31696220906834,-1.29909374504806,-1.27417778971473,-1.26290351610858,-1.23757329085459,-1.20082047174272,-1.16277922749499,-1.13537380206784,-1.13470323512782,-1.1262689209679,-1.06475508863327,-1.03512948106904,-0.979259197501798,-0.932223458723384,-0.865900753570476,-0.760143786218602,-0.696371359838677,-0.675943907282628,-0.664397440006963,-0.689255402139057,-0.903897780007828,-1.05368089709526,-1.35847033493265,-1.58248258911663,-1.79934984033586,-1.42317725197923,-1.80404259518324,-4.49094813620549,-5.26680245413065,-10.2533844404673,-11.8060592814466
"22",0,0,0,0,0,0,0,0,0,0,0,0,0,0,0,0,0,0,0,0,0,0,0,0,0,0,0,0,0,0,0,0,0,0,0,0,0,0,0,0,0,0,0,0,0,0,0,0,0,0,0,0,0,0,0,0,0,0,0,0,0,0,0,0,0,0,0,0,0,0,0,0,0,0,0,0,0,0,0,0,0,0,-0.000170881774559127,-0.000174090315858138,-0.00017970143736675,-0.00018332758213319,-0.000187342084521623,-0.000192270009478063,-0.00019722241932836,-0.000200308196090122,-0.0002041417823184,-0.000206611695986098,-0.000210590151169688,-0.00021519671189427,-0.00022009301052948,-0.000224427856945858,-0.000348153543569079,-0.000527067907200532,-0.000541683964939404,-0.000558907576948926,-0.00056392370354174,-0.000582395939264777,-0.000624054901539493,-0.00064022797923406,-0.000656309623285478,-0.000726211991373476,-0.000752569818864833,-0.000707546258214573,-0.00087854668105685,-0.000908197617926919,-0.0305042492699279,-0.0323213762783716,-0.0337675271693307,-0.0362508656738025,-0.0377960023575323,-0.0395234470614114,-0.0413752326692737,-0.0433578076157956,-0.0447556316787184,-0.0462901570855798,-0.0480959511221373,-0.04979318422139,-0.05177976884809,-0.0537537243220742,-0.0559783241801229,-0.0573876411370326,-0.0651509015363563,-0.0675909622275039,-0.0699241479944546,-0.0729916626735919,-0.0750173038082237,-0.0810662375566524,-0.10323050504708,-0.106193049075167,-0.106625076829507,-0.11070503280418,-0.119700226834868,-0.125069422862874,-0.124290003947074,-0.132387657973867,-0.138702296650118,-0.146578377746302,-0.151040660703211,-0.15552949677572,-0.177364170045991,-0.187317058083985,-0.195826013877275,-0.203221179705675,-0.203799232743682,-0.203838373037544,-0.22586263460743,-0.25022061996672,-0.2590193394936,-0.267357711143384,-0.269839389081695,-0.295384499821512,-0.306605632594794,-0.303450284248134,-0.305981782180423,-0.333082488313179,-0.338901024434575,-0.321441420447813,-0.32218526146022,-0.296082158247828,-0.302663497199903,-0.282438719810474,-0.285450262060517,-0.298664085024532,-0.308280422046226,-0.31055492828412,-0.321727666858969,-0.358080147471377,-0.371892291920254,-0.367154066917709,-0.369198952613965,-0.36195908390274,-0.379161348679621,-0.39139611631467,-0.375673745264178,-0.375310075488247,-0.398166635877361,-0.425717682678296,-0.438821085525587,-0.449088975222234,-0.469451769876528,-0.473999407322184,-0.475150939427474,-0.488593751698687,-0.491584930988589,-0.516230933626396,-0.504492800502523,-0.515471833712584,-0.52702599370054,-0.534756201453862,-0.538604803634882,-0.536951874076884,-0.5469225083842,-0.557570744355705,-0.578507405106615,-0.591529264861109,-0.592730557553567,-0.604110161026526,-0.625990817191753,-0.627894551510018,-0.652501219615964,-0.655031722486144,-0.679780942939806,-0.671229635479997,-0.681789793415972,-0.700777046698727,-0.704493869583966,-0.721973298900052,-0.734690227061279,-0.747580741022607,-0.75173457860892,-0.776330938566884,-0.789100772125506,-0.803076721317931,-0.825102433447637,-0.827765143784635,-0.83680139467164,-0.82690987782734,-0.836950748152722,-0.845069067056212,-0.840939711654546,-0.84423587783738,-0.849063007630144,-0.860857328104141,-0.85428221123551,-0.85688723302621,-0.866449679079994,-0.872467170112378,-0.887017547943811,-0.904317906981651,-0.909908009436635,-0.914428750437173,-0.926168347400615,-0.932598505739378,-0.941718110569086,-0.934876358134952,-0.94623029575195,-0.955289809956471,-0.964554679013833,-0.971517075439821,-0.981698250266039,-0.990656351181255,-0.999310980891131,-1.00158705393152,-1.00807247793779,-1.01793882863355,-1.03073215468757,-1.04273014322045,-1.0472081344492,-1.05298479090569,-1.05463297958661,-1.05199236850177,-1.06466383965872,-1.0751284470355,-1.09075555648316,-1.09807618560701,-1.10330891772208,-1.11468385952989,-1.12467385578339,-1.12739497302731,-1.13264083570328,-1.13354393960859,-1.13929278773719,-1.15016810755901,-1.14966877242123,-1.17195890164328,-1.18385047436293,-1.1957145791246,-1.19147814643693,-1.2021501252568,-1.20814598134404,-1.21880919496567,-1.22362025496977,-1.23426846432059,-1.23476119577847,-1.24173247452511,-1.25507512567004,-1.2676495417319,-1.27963252044385,-1.2916323228288,-1.30855059642846,-1.31985986827363,-1.33026203708145,-1.34308247098942,-1.35559784882726,-1.36690627699159,-1.37604306861219,-1.38818076321254,-1.40735893781166,-1.42193967871676,-1.43573416085088,-1.44629223898875,-1.45416744416338,-1.46178264063064,-1.47562673167739,-1.4908608186417,-1.49892255682398,-1.50645211021146,-1.51993964434838,-1.53673266620017,-1.54753213568258,-1.56604158153811,-1.57802685125112,-1.59117033066253,-1.60741058165064,-1.62161609290974,-1.63333056519047,-1.65248771994698,-1.66214547903205,-1.67576765740499,-1.68433257065639,-1.69689206293977,-1.71067191584344,-1.72444425990705,-1.74029031960654,-1.76081587997449,-1.77060864322599,-1.78575168026018,-1.79223662196509,-1.80271463256239,-1.81539751561698,-1.82438873359052,-1.84081395331379,-1.85402710829639,-1.85827619701698,-1.86800280788322,-1.88425345026863,-1.89698878566204,-1.90719226282009,-1.91558060959833,-1.92337110632577,-1.93951094034653,-1.96171413187803,-1.97327682324615,-1.99017505329752,-2.00122243595034,-2.00823631661,-2.01926293761732,-2.03583054625313,-2.04603182914827,-2.05798750461264,-2.06674526078666,-2.08066225649386,-2.08818426829139,-2.09875544621643,-2.10690216147681,-2.12261335090768,-2.133060456431,-2.14857212572228,-2.16314380424457,-2.1791564261513,-2.1978434362498,-2.21941494437012,-2.23532014216355,-2.22166627820409,-2.22797875979501,-2.23714011187837,-2.25008879948353,-2.24943532276327,-2.26288206690091,-2.26067244579936,-2.2744052158817,-2.28580735209146,-2.29931302381954,-2.30671323480113,-2.32098879312872,-2.3229634539205,-2.3381970803333,-2.34309777299725,-2.34867233201327,-2.35427528702644,-2.35742155705658,-2.36811453468784,-2.37381949704594,-2.38524390798653,-2.39442547644551,-2.40226871804684,-2.41073471346305,-2.41096328377115,-2.41795422993039,-2.42286056346684,-2.42565338802424,-2.43995013248322,-2.45175585089008,-2.46052308707648,-2.4666313879505,-2.47400335418303,-2.48052285978716,-2.48165969818266,-2.48699890431536,-2.48659809290977,-2.48968784971816,-2.49458945841204,-2.49886055912432,-2.5082465280863,-2.5087028701422,-2.51819670629482,-2.52607054378307,-2.53031427756855,-2.53451463345026,-2.53953850464754,-2.54366829570815,-2.55586951681206,-2.55934035792253,-2.55631171974242,-2.56613205673886,-2.56721659634395,-2.57426732168097,-2.57406285004971,-2.57417098363837,-2.5718349613203,-2.58126328051129,-2.5830863839774,-2.58374897194702,-2.58606721540428,-2.58516688357783,-2.59194329624194,-2.59438236675259,-2.6036795701566,-2.60183220314262,-2.61296360482426,-2.62309298658642,-2.62101681005653,-2.61788327523706,-2.63044555162426,-2.63693469645895,-2.63530678007061,-2.63888205979924,-2.63830822105319,-2.64192903493023,-2.6423553631451,-2.65859771663619,-2.6630544514019,-2.6735876477226,-2.68394902771799,-2.68113417988496,-2.69175991018847,-2.7022121730475,-2.71234689537291,-2.72704792232242,-2.72785882386091,-2.73384852678164,-2.73378166414828,-2.73125706139021,-2.72696666129202,-2.72106558347701,-2.72877792558121,-2.7389635185725,-2.73391839953453,-2.72794625951825,-2.73273772251709,-2.71937064217114,-2.71174327008028,-2.71482079803364,-2.70405999831944,-2.70105570150478,-2.70327263635708,-2.7140339618832,-2.70467140523197,-2.69977110308282,-2.69950520749641,-2.7012035895461,-2.69060056179496,-2.68289307931106,-2.69302785642139,-2.67180454923565,-2.66274896942116,-2.66003842105755,-2.66857903258113,-2.68758686745933,-2.68377922955527,-2.6820810778795,-2.68754637722366,-2.68189643943214,-2.68803363703303,-2.69632611648769,-2.70932607156602,-2.7200741115969,-2.7205200788725,-2.73593426481584,-2.73526178419208,-2.75249022911698,-2.74317142176892,-2.74769526412197,-2.72836207328364,-2.74543648919687,-2.77256236580285,-2.79699745299061,-2.92075710690816,-2.93985491621795,-3.1730199666635,-3.72563906091091,-5.07144126538252,-5.86135572251814,-8.16752473424208,-17.8891791202419
"23",0,0,0,0,0,0,0,0,0,0,0,0,0,0,0,0,0,0,0,0,0,0,0,0,0,0,0,0,0,0,0,0,0,0,0,0,0,0,0,0,0,0,0,0,0,0,0,0,0,0,0,0,0,0,0,0,0,0,0,0,0,0,0,0,0,0,0,0,0,0,0,0,0,0,0,0,0,0,0,0,0,0,-0.000425728471116371,-0.000433722111077487,-0.000447701449642246,-0.000456735491285638,-0.000466737072604242,-0.000479014320794659,-0.00049135256973518,-0.000499040358713152,-0.000508591212267123,-0.000514744662933536,-0.000524656437592268,-0.000536133050937614,-0.000548331506492484,-0.000559131180958238,-0.000835691755558814,-0.00124893421058581,-0.00128394212556754,-0.00132528914554734,-0.00138031499575183,-0.00142802649007049,-0.00153723170281535,-0.00157903233680878,-0.00162013558510164,-0.00146759909665218,-0.00149992177741294,-0.00131334852340821,-0.00266194004270365,-0.00278190178855887,-0.0306451079125154,-0.0331378403124443,-0.0345495337672044,-0.0371067359958068,-0.0387185919798519,-0.0387745918284412,-0.0399895044063436,-0.0417166511505571,-0.0428154863071559,-0.0446384523011685,-0.0463793267194918,-0.0485638072996974,-0.0500808674403075,-0.0512226564482854,-0.0525374655334371,-0.0532992583825966,-0.0588079227907785,-0.0612260282859595,-0.0607025959210943,-0.0626748204132479,-0.0647291846521605,-0.0710945662671127,-0.0899644537307131,-0.0945469454891768,-0.0957262147558616,-0.099140793938969,-0.105859450732016,-0.110670013769533,-0.114198335515083,-0.120824930415991,-0.125000590514461,-0.132021718386059,-0.135232596520206,-0.139159551249155,-0.160481008846473,-0.16301011299185,-0.167627965346706,-0.172517043505316,-0.161357609972601,-0.162004459270272,-0.186525804171828,-0.205573799648962,-0.21228587545123,-0.218833610499852,-0.210996608410492,-0.235712475164053,-0.246668484105106,-0.248068870026717,-0.260300815367487,-0.2888062768529,-0.296270493947735,-0.299729769010491,-0.305892169750351,-0.307969643536276,-0.303214161667215,-0.300453317354332,-0.311603949960846,-0.305432037704051,-0.300637765986195,-0.287915557173953,-0.293691239182309,-0.303749296370478,-0.306976346358012,-0.29835465248966,-0.303578440848747,-0.30603606325248,-0.320344462239096,-0.334270607497551,-0.339924050961227,-0.346544141487888,-0.359061570999654,-0.395477459896672,-0.41749748790224,-0.429779706630225,-0.437069174571028,-0.441401297262209,-0.447166890636311,-0.444682304668927,-0.453062013972109,-0.468909463189707,-0.46917660033948,-0.471349516485363,-0.503480278611167,-0.521562589761676,-0.526128554078726,-0.534558730798386,-0.537025418164973,-0.542055717555563,-0.567539137435829,-0.568473572170592,-0.564104678583274,-0.570964199248576,-0.588558447065945,-0.596866969009494,-0.605925389770408,-0.611169465357161,-0.631494989480521,-0.646368681729658,-0.654886037672572,-0.668273153215367,-0.683971817368902,-0.692972933460651,-0.723344852368936,-0.739158400673471,-0.749985547587564,-0.779094530721865,-0.788277880312797,-0.806557757792913,-0.83066047454108,-0.839452968777198,-0.85987357391408,-0.87314396867494,-0.887083259103961,-0.913671064190647,-0.931141671727393,-0.94617971521674,-0.964343839559743,-0.972160926088653,-0.980706390615896,-0.981343992472102,-0.993294289268533,-1.00287572941374,-1.01734721078266,-1.02223921499057,-1.03981767279036,-1.05768558322163,-1.07081209146004,-1.08391236363764,-1.09728919657636,-1.10894902562957,-1.13012535492247,-1.14554296485907,-1.15718797933651,-1.17095070366099,-1.19057675461979,-1.2075145717244,-1.21983762402156,-1.23033117876649,-1.24386105074933,-1.26002782744625,-1.27889474835523,-1.29509264228849,-1.31173069617061,-1.32077339976703,-1.32739062357403,-1.34562971187115,-1.35776380609055,-1.37482612571967,-1.39926541187157,-1.41373155841808,-1.42845542360212,-1.4419059503849,-1.46156233979137,-1.47535696940041,-1.49277190304385,-1.50827399750817,-1.52473204759799,-1.54836327042915,-1.56389711733479,-1.592026414682,-1.60916514111969,-1.63219788150375,-1.6490434906847,-1.66856224358884,-1.68198975104351,-1.69901660687046,-1.71869991473172,-1.73752093512839,-1.74808385877006,-1.76476480970269,-1.77796395127334,-1.78725633954216,-1.80186148071175,-1.81829170979794,-1.84198325791188,-1.85911606437029,-1.87556594567887,-1.89686285706822,-1.91898720372434,-1.93867017068275,-1.95416551314988,-1.96984799418632,-1.98334170870114,-1.99490578981858,-2.01842189038263,-2.03612433388066,-2.0483118745369,-2.0601293160664,-2.08001469289314,-2.09670450506814,-2.11078227642205,-2.12699917230735,-2.14211366647325,-2.15994176094086,-2.17687456586218,-2.19759788997529,-2.21573210116256,-2.23647940444586,-2.25665202440923,-2.27485465987187,-2.29115524613979,-2.30952265785898,-2.32439159526906,-2.34710437726767,-2.35834301998396,-2.37498791295041,-2.39424502731887,-2.40506167569043,-2.42395022550794,-2.44306819106385,-2.45683008744881,-2.47402929022446,-2.49220693388768,-2.50800541011326,-2.52245691821458,-2.53670085414911,-2.55452632578247,-2.56793342027544,-2.5821747503973,-2.59741712690361,-2.61549536899494,-2.63286306906299,-2.65016698699318,-2.65938622405036,-2.67284002844976,-2.69096625376921,-2.71209211827767,-2.72640059117078,-2.74721457584721,-2.76416952179068,-2.77683428750779,-2.78898485452113,-2.80457960898321,-2.81710642707048,-2.8360671347682,-2.84932498513092,-2.86444937269437,-2.87272220978818,-2.88389451198146,-2.89264957050269,-2.90733354317397,-2.91459326484675,-2.92924456638433,-2.93128298079183,-2.94678554835892,-2.95941362292503,-2.97237531909121,-2.97977733629548,-2.98728161299574,-2.9986964951927,-3.00688941627118,-3.01868198641645,-3.02523794532336,-3.03538346312204,-3.04107852792966,-3.05190336715799,-3.0618879890794,-3.07080339987632,-3.07762279162197,-3.08447963124675,-3.08652401367478,-3.099024253381,-3.10812334882427,-3.11005156977628,-3.11968487459263,-3.12526905189168,-3.13192961200257,-3.13825625249917,-3.14500361916505,-3.15126715600654,-3.15719511376398,-3.16731250928839,-3.17565619791773,-3.18183409155155,-3.18354597846116,-3.18392154406281,-3.19319985738334,-3.20449160501888,-3.2033681298778,-3.21095028580433,-3.21265240948759,-3.22164574783283,-3.21974816080773,-3.22565482273728,-3.22581184769382,-3.22640595948992,-3.2300330869069,-3.22921336676642,-3.23614885044482,-3.23678459459159,-3.24006857427781,-3.23729711727153,-3.24450867672886,-3.24511192698896,-3.24122638491224,-3.2396008510654,-3.24247788159906,-3.23806315297766,-3.23515302299954,-3.23783969217643,-3.2380235931856,-3.23341455981553,-3.23074598001505,-3.22735215306308,-3.22225346282912,-3.22510238345976,-3.22162743796505,-3.21587079173476,-3.21292883315608,-3.20866496552357,-3.20800546197338,-3.20741401789259,-3.21699573001483,-3.21159698865047,-3.21381206052927,-3.21653662060726,-3.2179291180074,-3.21119671346954,-3.21611556758193,-3.21966155570495,-3.2105914772116,-3.20996037740783,-3.20676432123982,-3.2109634862912,-3.21116768969195,-3.21404903743733,-3.20822852166337,-3.20713967971886,-3.20648443616237,-3.20129928471926,-3.20506300820598,-3.20206901881841,-3.20444952585046,-3.20859352532132,-3.20787898025894,-3.20792964866265,-3.20122382500572,-3.18924940918567,-3.17956904264294,-3.17518334644343,-3.17426745012998,-3.17350410426129,-3.16450606509268,-3.16255575543729,-3.15791838037194,-3.15160019050114,-3.14406926653223,-3.14219917123378,-3.1286776702774,-3.11980139014308,-3.11772100026971,-3.11562386569591,-3.11142818890857,-3.1001354250929,-3.09716252639803,-3.08485479025484,-3.06428799978024,-3.05650772633078,-3.05593998593808,-3.04025431991913,-3.03577804334398,-3.0423366071934,-3.04697580885759,-3.04458314292093,-3.04674099073084,-3.04837679389364,-3.04778676284575,-3.04728724560343,-3.05275814183769,-3.06219593711839,-3.07025246603133,-3.06432606790988,-3.05918608133091,-3.07098601711074,-3.05938534237714,-3.05358541573659,-3.03576622690089,-2.99952441215988,-2.98010538705885,-2.91329529280585,-2.87869503902385,-2.79095583634504,-2.77256747831173,-2.71988156130949,-2.79195659187159,-3.21468313773535,-3.56325643528847,-4.09966452986706,-5.3823453229473,-9.73495100695257
"24",0,0,0,0,0,0,0,0,0,0,0,0,0,0,0,0,0,0,0,0,0,0,0,0,0,0,0,0,0,0,0,0,0,0,0,0,0,0,0,0,0,0,0,0,0,0,0,0,0,0,0,0,0,0,0,0,0,0,0,0,0,0,0,0,0,0,0,0,0,0,0,0,0,0,0,0,0,0,0,0,0,0,-0.000270155020341774,-0.000275227553923183,-0.000284098439359679,-0.000289831181869332,-0.000296177897177077,-0.000303968685107999,-0.000311798182357192,-0.00031667663171784,-0.000322737328173937,-0.000326642130654253,-0.000332931857243437,-0.000340214585372086,-0.000347955373766913,-0.000354808535988666,-0.000460891875075235,-0.00097222297153687,-0.000998354341715904,-0.00102965868612619,-0.00322203212113863,-0.00350462918215015,-0.00383260308042314,-0.00407143992247322,-0.00428853450729456,-0.0045121074597173,-0.00483034327818496,-0.00506256930307028,-0.00546256913188371,-0.00579877220379049,-0.0290198516842709,-0.0302915579990101,-0.0296292430012101,-0.0319093442845782,-0.0332872183680593,-0.0349801857938004,-0.0365842537406051,-0.0383871014212246,-0.039507270737364,-0.0372214552440901,-0.0386467417252496,-0.0403847049896721,-0.0416974225054652,-0.0399986224746182,-0.0418798397013697,-0.042328625753478,-0.0417976759853593,-0.0385917238345101,-0.0401176980311794,-0.040012090831991,-0.0411286105581539,-0.0455536392616881,-0.0635106824377858,-0.0657347136226655,-0.0669086484610937,-0.0647895616962148,-0.0697804256745567,-0.0724815347378112,-0.0755842474437242,-0.0793221983466774,-0.081674521270557,-0.0854593893492795,-0.0881388096450711,-0.0753605416405091,-0.0863324547749137,-0.0900223319231378,-0.0914181898582527,-0.0881869783093425,-0.0817636395957317,-0.0765706061408409,-0.0855608788180489,-0.104399472587483,-0.0939390966795449,-0.0902233069529107,-0.075190111470913,-0.0936994928738359,-0.103275626373432,-0.0956061638293532,-0.0946971647624208,-0.119482294270809,-0.102512571162553,-0.0902375713464636,-0.0862835306527655,-0.0727931476717703,-0.066124142654929,-0.0387625263473,-0.0403066027945564,-0.0415145260060732,-0.0418826636148052,-0.0242447612600923,-0.0135518790623683,-0.00953235043724199,-0.0232538259178393,-0.0210218290205555,-0.0115079438660151,-0.0164464480763907,-0.0204051062206538,-0.0309624763068265,-0.0303177425575734,-0.0297658300713252,-0.065501387317876,-0.0936744966698775,-0.104738173924132,-0.101082599313411,-0.107214447704014,-0.111899933849403,-0.115437471566598,-0.112816062696338,-0.11529088179428,-0.13208858380298,-0.117605638839244,-0.116911096459455,-0.142705924419885,-0.166062177827855,-0.159808566087316,-0.168388709845695,-0.165700619585066,-0.166843601384052,-0.189702038689384,-0.190422458816096,-0.193895363922404,-0.203524884005962,-0.219050968400816,-0.243242816524363,-0.25796547816464,-0.263586734712922,-0.280939161240193,-0.289813270408558,-0.300379408911767,-0.304399655580827,-0.309786829479117,-0.31801229634727,-0.339626047218497,-0.35275246055649,-0.363020018772954,-0.402214660703848,-0.409610450762708,-0.419569804508777,-0.433712707476197,-0.440775766164969,-0.461373144541178,-0.485687514696018,-0.501960698881354,-0.518890609388767,-0.52776383492691,-0.54062467684394,-0.551520477009157,-0.560396155528808,-0.56264326025348,-0.576212937232836,-0.5890936553399,-0.599383977758206,-0.62040930016511,-0.622890595806218,-0.636141226741263,-0.646806100688717,-0.661285029736184,-0.672138513286376,-0.676757542915005,-0.689436053410361,-0.707450563717633,-0.718924799796586,-0.730298420703894,-0.743873627281636,-0.757683031594126,-0.771280822983667,-0.785770866599193,-0.788258048404237,-0.803262950181439,-0.81935180670319,-0.842790145531996,-0.862188416952656,-0.876142465204672,-0.889996743162278,-0.894539769440319,-0.903952967421855,-0.920525353723467,-0.934973799926743,-0.963172989435722,-0.975250197477543,-0.990174720276192,-1.00166222540124,-1.01772022619695,-1.02982181620154,-1.04472184723261,-1.0570473174986,-1.06260702305175,-1.0870427668713,-1.10213359123654,-1.12661255306219,-1.13392706712558,-1.15495888225856,-1.17231636513359,-1.19000293484853,-1.20194581795467,-1.21964810664052,-1.23764498297567,-1.25065450960734,-1.26243117269639,-1.27466008609933,-1.29054638961735,-1.30628724254095,-1.32783060202648,-1.34608948227819,-1.3629795366071,-1.3812051518928,-1.40082160418784,-1.42066575993571,-1.4420311602854,-1.45757264559832,-1.47646645602285,-1.49132575096394,-1.51185055816966,-1.52530308264161,-1.55177420517449,-1.57113669463429,-1.57808368705301,-1.59245160270259,-1.60417504086986,-1.62066855623133,-1.63752113286943,-1.65679064136158,-1.67419178771539,-1.69661765892493,-1.71679564074963,-1.74596923947569,-1.7659834265953,-1.78250803678725,-1.80454668741114,-1.82354881664332,-1.84571928659439,-1.8661256650091,-1.88230496766333,-1.90427702672893,-1.92036304635405,-1.9407820611849,-1.96026098816014,-1.97687946749361,-1.99887457501133,-2.02112746989742,-2.03932672205026,-2.05880921851606,-2.07734579551976,-2.09631497506019,-2.11344774751364,-2.13386605622013,-2.1564805694677,-2.17440991528081,-2.19273593560382,-2.21253187029629,-2.23145141019679,-2.25088968142869,-2.27597674647086,-2.29293842930056,-2.31445589561239,-2.33338594125709,-2.36264607530675,-2.382306078828,-2.41065794795586,-2.42804993054008,-2.44723277091132,-2.46467256008612,-2.48114570525544,-2.498233231115,-2.52614712963412,-2.54578622973508,-2.5703932555586,-2.58648069835771,-2.60507690875593,-2.62181228196839,-2.64794458329406,-2.66668328950657,-2.68688834985206,-2.69948021719359,-2.72470652375299,-2.74571799457397,-2.7673086720507,-2.78256794485467,-2.79842660832249,-2.82009521988153,-2.83924668284308,-2.85835354533395,-2.86965966593289,-2.89265443307476,-2.90991246687099,-2.933883498312,-2.95310307208648,-2.97542772115623,-2.99339158722237,-3.01036215280741,-3.02855288278951,-3.05152308259413,-3.07160686144157,-3.08384658398902,-3.10108360712129,-3.11893003395598,-3.13580332524564,-3.15187488746147,-3.17284423980524,-3.19047251070291,-3.20654480720247,-3.22853199121169,-3.2475286016866,-3.26687177759791,-3.28084643343612,-3.29335439102922,-3.31547005258279,-3.33614931483815,-3.35160946370037,-3.36659560290778,-3.38160353038042,-3.39976153852437,-3.4098632428996,-3.42777929610989,-3.43203002739134,-3.44330178679599,-3.45530941082891,-3.46589836401139,-3.48215265666786,-3.49410002804048,-3.50940419061764,-3.5226715493565,-3.54173867620799,-3.55588860046426,-3.57092102727277,-3.58306936892705,-3.60029241011523,-3.60990357223508,-3.61536924039243,-3.62678628386432,-3.63894770783737,-3.6494860474315,-3.65683867887999,-3.66495298489003,-3.67205154687601,-3.68583288159829,-3.69787476154179,-3.70376881575489,-3.7083485473893,-3.71425209132675,-3.72316923766819,-3.73677348316248,-3.75815342128423,-3.76451016391903,-3.77115261659368,-3.77999745041488,-3.79681961096247,-3.7981253825431,-3.81113925903175,-3.82691214269874,-3.82996288377988,-3.83988833244714,-3.84788154264586,-3.86006119864143,-3.86884474258485,-3.8844517478456,-3.89481174911605,-3.90602405028075,-3.92003238245595,-3.92510439895625,-3.93489978614123,-3.94189892463221,-3.95268483871984,-3.96524101105821,-3.97513711834355,-3.98524002010865,-3.98243343882461,-3.98276900132609,-3.98120074555043,-3.9868268979667,-3.99265692231454,-4.00476815243324,-4.01346959531765,-4.0199253833517,-4.02489448877283,-4.02766932637127,-4.03331792084474,-4.03995727718665,-4.03177651618523,-4.03341843888527,-4.03931518521503,-4.05115479855663,-4.05438141900396,-4.05538874312628,-4.06876300082835,-4.06620933025856,-4.06209411739444,-4.06417886135832,-4.0762580580585,-4.07351545085857,-4.08472536378925,-4.09585938023332,-4.12150050574891,-4.13477130856649,-4.14574966846836,-4.15636661651927,-4.16955117800356,-4.17652607959409,-4.19653778690335,-4.20934337601653,-4.23268747581719,-4.25632160571666,-4.28309797742673,-4.31320505424412,-4.33642577581838,-4.35396883959103,-4.39765245719474,-4.42240876471359,-4.44611864231081,-4.45374204572955,-4.50894416350184,-4.58403167363965,-4.72961830208029,-4.82167513598487,-5.02102017087216,-5.57130926693421,-6.35461234271791,-7.27326569454353,-9.70797042933116,-15.0659688216355
"25",0,0,0,0,0,0,0,0,0,0,0,0,0,0,0,0,0,0,0,0,0,0,0,0,0,0,0,0,0,0,0,0,0,0,0,0,0,0,0,0,0,0,0,0,0,0,0,0,0,0,0,0,0,0,0,0,0,0,0,0,0,0,0,0,0,0,0,0,0,0,0,0,0,0,0,0,0,0,0,0,0,0,-0.000159469955479734,-0.000162464224116214,-0.00016770062395744,-0.000171084607685132,-0.000174831013753354,-0.00017942984224421,-0.000184051520479831,-0.000186931223034937,-0.000190508794877975,-0.000192813762880811,-0.000196526529047024,-0.000200825454637881,-0.000205394768875089,-0.000209440125770607,-0.000416546895997051,-0.00040665128045905,-0.000419434535701178,-0.000434506444039947,-0.000435476002255509,-0.000450194049536754,-0.000517286403643671,-0.000530644201295999,-0.000547254113821514,-0.000581484496113529,-0.000603925542495052,-0.000508258613269399,-0.000639737778336747,-0.00066256836082575,-0.0300890957958773,-0.0323830907435301,-0.0341468524435613,-0.0365267480060435,-0.0377189499737221,-0.0396668821599544,-0.0418633889333002,-0.0448865041701523,-0.0467492954322579,-0.0485858438797589,-0.0514958730803733,-0.0543357497198424,-0.0533742705924256,-0.0547376168095648,-0.057607149944653,-0.0594813716612684,-0.0554961824952817,-0.0571773080449738,-0.0587292673498535,-0.0588258330675832,-0.0607959763053313,-0.0581140865825153,-0.0785417368270898,-0.0776368699498971,-0.0795150289596956,-0.0822295428550426,-0.0864671032280717,-0.0915354687330707,-0.0952386678702975,-0.0968511351251997,-0.102421323127008,-0.108624847105608,-0.108145078795078,-0.111261786528996,-0.118119220093379,-0.120180847763606,-0.12676526950067,-0.132326791552189,-0.136408512890748,-0.130764928856151,-0.140983074917752,-0.149134620861721,-0.133334197550821,-0.136572015503279,-0.136542449418997,-0.153212055627543,-0.165906461468452,-0.171060956277927,-0.178586831899535,-0.206474167385909,-0.21161615243249,-0.215546351248874,-0.224051820843083,-0.227781065028351,-0.232533824810692,-0.231444547194631,-0.251376562903379,-0.255506540128803,-0.254785347288029,-0.262669502684331,-0.27257920735768,-0.297443004983345,-0.298368563133111,-0.301920587448533,-0.306893260708951,-0.324689148846356,-0.327783626897823,-0.318727057644059,-0.312549274101629,-0.32539018618001,-0.370055642949615,-0.402719720161332,-0.382420207046842,-0.392139371660712,-0.406486789516257,-0.403157165353329,-0.427307465698054,-0.446159831744542,-0.446138046875518,-0.478169471661461,-0.461282051209248,-0.473848832003135,-0.515119363342736,-0.544112475825277,-0.562981892790564,-0.581131426859706,-0.599680995417049,-0.601138156778648,-0.633285566691937,-0.652067738492116,-0.659097666392955,-0.661479941706813,-0.683961977475362,-0.716843424922212,-0.738017595968662,-0.756348547857751,-0.792410309913835,-0.815630474156528,-0.82057177347117,-0.847711691447274,-0.871279485489659,-0.899100232989541,-0.934077565119825,-0.961359187302696,-0.989678864160665,-1.03643270771245,-1.04926821817649,-1.06936036982596,-1.10227756454287,-1.10788974869037,-1.1450659134786,-1.17729060499632,-1.20635686361328,-1.22213327081809,-1.21803468247797,-1.22270909394272,-1.24312909312893,-1.25490170084535,-1.27238281568866,-1.29091673653567,-1.30927912903086,-1.32835722587061,-1.3542589294166,-1.38309752917169,-1.40520594832152,-1.41991091388463,-1.44556869464651,-1.46973786932635,-1.49212951132344,-1.51306823995524,-1.53784339963439,-1.55375018555786,-1.57742499240889,-1.60157320025355,-1.63010857055577,-1.65421875910004,-1.67815032446968,-1.70030792479873,-1.71097348952591,-1.73407479475812,-1.76670428937628,-1.79466283342571,-1.81920438963556,-1.84411434501561,-1.86202108348043,-1.89062669316641,-1.89064954552145,-1.9184557018631,-1.95545071630495,-1.98074750186849,-2.00429080156801,-2.03038811581439,-2.05806375501711,-2.08240535908703,-2.11207014760959,-2.13989852008481,-2.15002419491257,-2.167034180556,-2.19115614823604,-2.22973373637836,-2.25748803568003,-2.2842978812582,-2.30726201698435,-2.33393970902718,-2.35042723265546,-2.37747791020727,-2.40405684475197,-2.42887579828694,-2.44959948539554,-2.47493043524517,-2.4917727969551,-2.51368662429444,-2.54050481756097,-2.56635900393493,-2.5957829764939,-2.61621164884804,-2.6410993431168,-2.66860106715721,-2.69666485353565,-2.719300021391,-2.73978305269594,-2.76399224205981,-2.79627747246569,-2.82204234442772,-2.8506044202848,-2.84488769490912,-2.85286256250208,-2.8709003299015,-2.90006671537475,-2.92002550593218,-2.93784529759216,-2.96042034624756,-2.98251858701237,-3.00738851817847,-3.03515326118855,-3.06109617540666,-3.08530635728344,-3.11023647255052,-3.13562525106654,-3.16349924947404,-3.18713433470385,-3.2145146348631,-3.23688709543644,-3.26350048644495,-3.27953793084787,-3.29582692673925,-3.31989029388273,-3.33485900287697,-3.35612627743155,-3.38040093152309,-3.39713022144176,-3.41658651460946,-3.44078985355229,-3.46191274920008,-3.48082623630218,-3.4945892280123,-3.52086178105821,-3.53984822613025,-3.56073159969793,-3.58468059674228,-3.61041678326491,-3.62311302910783,-3.64762786191504,-3.66025268850452,-3.67436817669091,-3.69220058258879,-3.71723433128443,-3.73159984349273,-3.75616353072344,-3.77198708976155,-3.79179668986244,-3.80837880278844,-3.82781120442169,-3.84214512040792,-3.85987373502623,-3.87684284138904,-3.89566226619596,-3.9114269905416,-3.92715776485692,-3.94499393856523,-3.93721207453188,-3.94901883374034,-3.96989746482047,-3.9850320117774,-4.00488960097653,-4.02374263080809,-4.04542846625326,-4.06056536898867,-4.07462238760839,-4.09315821115327,-4.10938977352313,-4.12749256943622,-4.13402412304078,-4.13974138509522,-4.14911778966053,-4.1674996980161,-4.18258992640239,-4.1943257814386,-4.20210304852291,-4.21566313508922,-4.22442459199494,-4.24114098875167,-4.25506431220964,-4.2637932278257,-4.27449853794555,-4.2842712244395,-4.30013335884831,-4.30685892442081,-4.31492098943383,-4.31916456807581,-4.33165268281111,-4.33718582070056,-4.34085334356742,-4.34878516598335,-4.35249185442084,-4.35674123252538,-4.37012044572781,-4.38431090081513,-4.39288257334362,-4.4019766175214,-4.4131074671989,-4.42287413914914,-4.42318459833444,-4.42825469561909,-4.43402759543883,-4.43510371517283,-4.4337489228139,-4.43696961074319,-4.44241474465682,-4.43885470620845,-4.44641968591418,-4.44747236908169,-4.45978601167211,-4.46219637423357,-4.46873966402355,-4.46687401201638,-4.46572545816438,-4.46291758325696,-4.46967592186376,-4.46781067274359,-4.47265986658648,-4.47565692603956,-4.47359570134735,-4.47418720964536,-4.47030508760789,-4.47034991868903,-4.46895786097379,-4.46204043611226,-4.44782997754777,-4.45036056335006,-4.44588625295487,-4.43974945855664,-4.44377052482011,-4.43034946831623,-4.41402702319849,-4.42014735302464,-4.41161581460688,-4.39948607351415,-4.40097744594714,-4.40153748924057,-4.39803007449335,-4.39362390996654,-4.39108561561614,-4.3891715521123,-4.37724829036611,-4.37523765038484,-4.36883410795565,-4.36846167452434,-4.36357844313125,-4.34923321340163,-4.34791270509655,-4.34143000661782,-4.33458635973297,-4.33154523053078,-4.32178061205265,-4.31971014679277,-4.30872858176152,-4.29542823237137,-4.27539441371397,-4.26728448855315,-4.26085516102727,-4.24817462251814,-4.22928283211055,-4.21799774382955,-4.19591136763963,-4.19065039764397,-4.17314466228337,-4.15934229721036,-4.12420763229323,-4.11345074293494,-4.09888658807971,-4.09443485698616,-4.07666317615863,-4.06203232898931,-4.04568990983117,-4.02828778529298,-3.99522174233306,-3.97781467277246,-3.96843174231645,-3.94328570351365,-3.92114134505755,-3.90701038211355,-3.90235993975434,-3.89280248215578,-3.88800815603579,-3.87846279961298,-3.8806256407079,-3.86502237405949,-3.85327617943421,-3.85134611185384,-3.84081915866119,-3.82368651294968,-3.80866773040964,-3.81166472023198,-3.80237426687402,-3.78752572296994,-3.79091169115648,-3.79181521908292,-3.78622825279379,-3.77224342879189,-3.65969590769526,-3.49281408696476,-3.57738733770511,-3.64427366747392,-3.8938621427584,-4.54329094105585,-5.27628393799452,-6.54451785503488,-9.53830482191739,-13.6792424616824
"26",0,0,0,0,0,0,0,0,0,0,0,0,0,0,0,0,0,0,0,0,0,0,0,0,0,0,0,0,0,0,0,0,0,0,0,0,0,0,0,0,0,0,0,0,0,0,0,0,0,0,0,0,0,0,0,0,0,0,0,0,0,0,0,0,0,0,0,0,0,0,0,0,0,0,0,0,0,0,0,0,0,0,-0.000424339136644706,-0.000432306689932469,-0.000446240407923867,-0.000455244967617287,-0.000465213909489307,-0.000477451091756758,-0.00048974907570271,-0.000497411776130182,-0.00050693146115545,-0.000513064830474928,-0.000522944258764692,-0.000534383419001739,-0.000546542065767784,-0.000557306496266909,-0.00100321025558832,-0.00110532476522247,-0.00113853327314239,-0.00117698691701156,-0.00120977394733467,-0.00125106903897249,-0.00141782151765204,-0.00145531931309938,-0.00149950725557818,-0.00159317261056383,-0.00164508515255808,-0.00141327975001994,-0.00209915088629938,-0.00217939528559345,-0.0343696642559661,-0.0371085055728151,-0.0387261994805535,-0.0414741671277815,-0.0432952207402492,-0.0450140269868621,-0.0468643029662677,-0.0492511172848336,-0.0505702579236249,-0.05204014545086,-0.0541441268181259,-0.0569473189613344,-0.0594965309597687,-0.0622102367245723,-0.0650420245097782,-0.0659986370000724,-0.0732071879494927,-0.076366023320907,-0.0801204193033646,-0.0833722361193543,-0.0862520975215608,-0.0931381165331524,-0.119456629914693,-0.125598624043061,-0.128862670545493,-0.134084241883114,-0.146169412814551,-0.152865504532383,-0.161173893283232,-0.16812818996289,-0.176713048640273,-0.123110194723724,-0.127813972003246,-0.122994091058537,-0.135965055728946,-0.146126512953328,-0.148495108554743,-0.154698350074008,-0.161846616446264,-0.166711571987423,-0.188429451823366,-0.219944258751856,-0.235185472013753,-0.254444800711374,-0.26727109589889,-0.299203413346611,-0.32272327580334,-0.386444241206872,-0.41449953490344,-0.455424458433477,-0.476292401919174,-0.496223531263522,-0.518134463135242,-0.500566389262028,-0.443835780410809,-0.425511649863676,-0.433815884504109,-0.330167784639972,-0.35213684601763,-0.363987384281652,-0.326595295435738,-0.371937971029595,-0.391749519402191,-0.419191586568072,-0.429916180883071,-0.452792581729925,-0.452685689536356,-0.480566960729387,-0.496699225965004,-0.501606416525882,-0.521497754489445,-0.561054089959076,-0.579929896388581,-0.600974724449258,-0.624970624324228,-0.659686240141818,-0.673885815712499,-0.688292744891996,-0.651360320674485,-0.641844034581988,-0.660538436093679,-0.683872167370285,-0.611866749937663,-0.635891331320742,-0.650194006375726,-0.672208061890821,-0.67510936849287,-0.700320040507164,-0.727431338530652,-0.735401592752828,-0.75100827537865,-0.752231579011059,-0.77987713114767,-0.808672462733608,-0.833608235361949,-0.853409700970163,-0.892452284819628,-0.8941680870685,-0.90697414272093,-0.931356547857017,-0.937812294833227,-0.960943314075313,-0.985912618020156,-1.00122195015751,-0.859298127393454,-0.875833753709226,-0.855836069861116,-0.868183894072297,-0.88664019077396,-0.892109300033545,-0.818253361894481,-0.77126458876249,-0.783470738535912,-0.793141533538057,-0.800665020311852,-0.801167628108958,-0.812509124922008,-0.821626671187383,-0.822068789579314,-0.830043638320214,-0.837962472952423,-0.825249465133435,-0.818928913129455,-0.846828120446189,-0.843845579409796,-0.842988091743869,-0.846909251452785,-0.849747755402389,-0.858784580774439,-0.86594401727784,-0.876660453305066,-0.889188635311371,-0.889926479990873,-0.902780090897293,-0.914044695905145,-0.923019448114641,-0.939113260857724,-0.945640978427991,-0.949948950467233,-0.953771436680091,-0.971697406889058,-0.984199249358386,-0.999338736362771,-1.00601299170439,-1.01122738690687,-1.02558903502353,-1.03394076013188,-1.04479233729456,-1.06730187292443,-1.0834219010906,-1.09745693270707,-1.11160860830293,-1.11577174844752,-1.12913063644033,-1.14109642618866,-1.15565795159584,-1.17396596068115,-1.19382896105938,-1.21192677952092,-1.23585396984484,-1.24968316881506,-1.26837637562906,-1.28392346782885,-1.29891133007112,-1.31355717302281,-1.32432913626185,-1.33728161982436,-1.36228558592831,-1.37585297462168,-1.38765660095544,-1.40270642960102,-1.41813275171344,-1.4377985958238,-1.45912400582643,-1.48836038633852,-1.50957996570528,-1.53551398775748,-1.55853533739083,-1.57875701723881,-1.59777112749796,-1.61993104487171,-1.64113835007119,-1.67299205631704,-1.69190177874022,-1.714365065474,-1.73225265725206,-1.74630914093627,-1.7605532217671,-1.78990412030155,-1.8097699343663,-1.83258358271661,-1.8603651127152,-1.88159011421598,-1.9110104969981,-1.93262643173694,-1.95949908943244,-1.98762749079896,-2.01508273570199,-2.04461353967091,-2.07199551073966,-2.07019242517617,-2.09756979896175,-2.11808383740345,-2.1476648216959,-2.16672655852848,-2.18419914732083,-2.20231246804025,-2.23018398138415,-2.25194819056666,-2.26971983235019,-2.28940985774073,-2.30723812285871,-2.33424870201265,-2.34598649180488,-2.3698445073215,-2.39104873609247,-2.4180912714417,-2.43739014272142,-2.4584654948963,-2.48247150964268,-2.50397971397823,-2.51999340370414,-2.53599805681243,-2.54799209648198,-2.5727038429901,-2.59393019827017,-2.61738534738992,-2.63171686519061,-2.66872787318462,-2.69257912566288,-2.71271615315048,-2.73041899987077,-2.74430569577744,-2.76554242346056,-2.78811215567109,-2.80455568403518,-2.82767796649351,-2.84690846271551,-2.87160638825517,-2.88044826526055,-2.90573285154254,-2.91535050459363,-2.93887945445223,-2.95169516264552,-2.97590139662125,-2.99406410342692,-3.01287840599952,-3.02782506170775,-3.04042689348473,-3.06898464791607,-3.08511101596348,-3.10889549793822,-3.12179986979468,-3.14491695963372,-3.15929927257828,-3.17371372670111,-3.18428172333607,-3.20543003519878,-3.22323485154777,-3.23856266393316,-3.25079753681254,-3.26502984364603,-3.27947851886032,-3.2897389380573,-3.31011019497731,-3.31959413036112,-3.32888202438809,-3.34059617657948,-3.34860129579836,-3.35788350888365,-3.37468133918035,-3.38607738707916,-3.3897107479654,-3.39050412378985,-3.39273739339628,-3.40489849169596,-3.43117655800335,-3.45360679356333,-3.46520068180046,-3.47987063578467,-3.49220175765025,-3.49844903384929,-3.50230988595343,-3.51374281050145,-3.52063643264829,-3.51831397394119,-3.52715538602421,-3.53260951918455,-3.56088302775707,-3.57143018879206,-3.58954409486047,-3.58942854348551,-3.60789501414546,-3.61954372634777,-3.62143168390751,-3.6248055431267,-3.62794681631549,-3.6245617932144,-3.6411826561138,-3.64930959679647,-3.65152313087892,-3.65006287167765,-3.64386443710475,-3.63822043784119,-3.63139909064333,-3.62702365566359,-3.61500385781113,-3.61636858952193,-3.6165958441981,-3.61077680489487,-3.60778740426928,-3.59846046480769,-3.59712860507109,-3.59368428665146,-3.60237266576127,-3.61142912913735,-3.6172615012815,-3.6115180800939,-3.61711751804903,-3.62099086099585,-3.62053465545173,-3.6233442033195,-3.62607488390261,-3.61078035730368,-3.59702038977257,-3.58721535326052,-3.57473059165602,-3.57577427601571,-3.57442810103131,-3.57308972250551,-3.57412841608899,-3.57789713323506,-3.58403310139598,-3.56344776752146,-3.5636255795587,-3.55712954723176,-3.5455475424469,-3.52908590670911,-3.53040218993308,-3.51077430988214,-3.49999584604755,-3.4940596925258,-3.47840070695164,-3.46121965361886,-3.44734869669804,-3.44658238595456,-3.43741273224695,-3.43896722668176,-3.40452232745148,-3.39390856838338,-3.37420346735429,-3.36939382848646,-3.37194859057546,-3.38099528644957,-3.37980591519785,-3.37431751049142,-3.3468832483564,-3.33139997832615,-3.35767383149424,-3.35349150894153,-3.34754689960866,-3.35439623307179,-3.34729515757584,-3.3240058098837,-3.3209436656956,-3.31919854615787,-3.32083420887993,-3.31375920881213,-3.30020957475585,-3.3127986717933,-3.34461665914201,-3.37163870222159,-3.41590737655167,-3.45664517260447,-3.47805634638922,-3.51032220415498,-3.57808035002137,-3.62459376443672,-3.65948806302622,-3.6914917465726,-3.78070414929762,-3.88206943531808,-3.99776442402232,-4.33811202837569,-5.89323675210182,-6.56903304566815,-7.62746605299988,-10.4249396064649,-12.6054876156758,-16.0267999767354
"27",0,0,0,0,0,0,0,0,0,0,0,0,0,0,0,0,0,0,0,0,0,0,0,0,0,0,0,0,0,0,0,0,0,0,0,0,0,0,0,0,0,0,0,0,0,0,0,0,0,0,0,0,0,0,0,0,0,0,0,0,0,0,0,0,0,0,0,0,0,0,0,0,0,0,0,0,0,0,0,0,0,0,-0.000188868241348793,-0.000192414503400455,-0.000198616233538497,-0.000202624054657403,-0.000207061110674347,-0.000212507733185279,-0.000217981417791358,-0.000221391993504848,-0.000225629090707645,-0.000228358979555681,-0.000232756194154768,-0.000237847626666885,-0.000243259293971583,-0.000248050412400046,-0.000324290500989532,-0.000353218536404883,-0.000363201226042436,-0.000375028115207475,-0.000387776391028043,-0.000401327862927937,-0.000401148741648904,-0.00041168393631845,-0.000422655474909443,-0.000336108966288323,-0.000344914979671716,-0.000361459238818125,-0.0038590601978716,-0.00405584093669998,-0.004193024416688,-0.0048880641175294,-0.00832535936927505,-0.00904832311781554,-0.00935242414326718,-0.0156789780371822,-0.0177372564098887,-0.0195882206532368,-0.0211664318261728,-0.0253775786390541,-0.0265940100071738,-0.0278322084054214,-0.0295895435864186,-0.0358316363886492,-0.0395051234628186,-0.042429465241042,-0.0447047716787718,-0.0473267431214732,-0.0506359616028392,-0.0543197174781452,-0.0566938301067645,-0.0598090659562407,-0.0729558940449754,-0.0748426019788029,-0.0799362276741909,-0.0837138802912298,-0.0871950191135104,-0.0916343528031244,-0.0837011590665751,-0.0919531085378022,-0.0985176636712024,-0.10334767045022,-0.107291770806554,-0.110562814868266,-0.112086653221217,-0.122233515772391,-0.126281257991144,-0.13597538372611,-0.147080986168394,-0.157932767492676,-0.160853054041614,-0.171456768290886,-0.183893082130312,-0.192876011928843,-0.207580135421949,-0.212484288940715,-0.210120400886742,-0.20422648368251,-0.192198928248495,-0.183831065075116,-0.188458422659783,-0.182699950584623,-0.180306720405722,-0.161418632393636,-0.175708036558892,-0.165943751089477,-0.159594366587876,-0.168012049764481,-0.175808853071772,-0.188106127036301,-0.196414729015475,-0.219435431786586,-0.227100265469554,-0.232856649904308,-0.240030861844484,-0.241868196565666,-0.267479638694519,-0.268825782901269,-0.289498968113314,-0.292881998142476,-0.317348992145566,-0.312721782513414,-0.301961833020502,-0.311768367322874,-0.340687304868772,-0.350565021302376,-0.352067816618446,-0.371044007625613,-0.361059121312176,-0.370665298527484,-0.35571988632552,-0.3687488830529,-0.372909449773434,-0.375242601038479,-0.390597203410635,-0.389307141723474,-0.405804678349508,-0.42262889411719,-0.425121458074133,-0.447649128142614,-0.460349743013646,-0.474322581311007,-0.481598826665637,-0.483866475852954,-0.485388597703269,-0.484610725067133,-0.493267284742952,-0.482950140027438,-0.489458966784629,-0.514063418991718,-0.511587880292048,-0.521846121427912,-0.528839230513622,-0.540611813065318,-0.544350160994472,-0.54497338681433,-0.556956066552218,-0.562917106992755,-0.571295635424136,-0.573412666548869,-0.575488405382338,-0.560719359546953,-0.55735788506352,-0.556391295849997,-0.54454015153619,-0.541036869424965,-0.540160896151678,-0.542325913217245,-0.534765662918829,-0.530205992260207,-0.531957962136613,-0.538790396290078,-0.545456551746024,-0.552945219411696,-0.543493270796109,-0.540791590601278,-0.544966255975197,-0.551518585636104,-0.561571829825108,-0.547450491324053,-0.549183720227675,-0.551088071284574,-0.555312769214147,-0.558940493337011,-0.557524191248809,-0.55835186153374,-0.561356926042793,-0.555109801084929,-0.553212663900913,-0.556826236050937,-0.551436366537977,-0.55477211272898,-0.547584770417586,-0.54520163839531,-0.540794177124718,-0.530215029902499,-0.530699264605086,-0.530511649165068,-0.530454406446679,-0.527910861833309,-0.522716603527681,-0.526495993702358,-0.524947413586443,-0.529027990109742,-0.516810958472699,-0.506699562985731,-0.497516261929104,-0.491914525619591,-0.481547849931481,-0.480170963176024,-0.483215332573334,-0.479979030331926,-0.462800661057947,-0.460155118571339,-0.460543636554481,-0.464716145172944,-0.463043724938521,-0.463672617889516,-0.444720388347048,-0.440534206867111,-0.440592815927554,-0.438714943460273,-0.436955882051268,-0.437091598613936,-0.435825816151737,-0.436341799333501,-0.435696362263675,-0.433902681449306,-0.429352120645964,-0.425563457324245,-0.42386855413277,-0.422869342719536,-0.430541713733976,-0.431758093332297,-0.43127414521452,-0.428412788507316,-0.428552888840772,-0.428008504621019,-0.427445099967325,-0.429321655412605,-0.427847921537522,-0.421486214224889,-0.421984847956049,-0.420263444262372,-0.420507402347542,-0.419780688011142,-0.418824360665071,-0.41825785734717,-0.416976089891577,-0.416466381864644,-0.411810537560098,-0.416050645872676,-0.4144346246988,-0.409810893000389,-0.409924044432559,-0.410436417589085,-0.408490930222633,-0.409553318633573,-0.412685624669693,-0.417374483347476,-0.416090431342493,-0.416862338646911,-0.411890302465599,-0.409811273190693,-0.40875201073758,-0.406277496009019,-0.407612178619633,-0.411947412627946,-0.405581252928671,-0.400674896250506,-0.402419652686178,-0.403676438935603,-0.401895100681002,-0.403391849261407,-0.401378478767624,-0.401580019913449,-0.401076496110416,-0.40359104116449,-0.403442727382937,-0.404570699402324,-0.399705803122283,-0.39881383043149,-0.403464126356162,-0.403365897911956,-0.395545110980936,-0.389532993574723,-0.389521929678957,-0.38775803018443,-0.385707933608779,-0.386797182676826,-0.390697356596941,-0.391377101930485,-0.393325263684285,-0.397239868443796,-0.398504451045058,-0.402739763283349,-0.40800011118401,-0.416905085324916,-0.402559469928552,-0.401788480884738,-0.405269943905174,-0.4108686145968,-0.405450549995192,-0.408808574862545,-0.403560082200772,-0.407324667992976,-0.410114416844342,-0.419484941513709,-0.417697727993018,-0.424836500351709,-0.426947654574096,-0.42929481163404,-0.427716913972121,-0.432625887928132,-0.429357140454928,-0.429203554031983,-0.42868650888313,-0.429976927876705,-0.437434135614279,-0.443281314589855,-0.444938758818301,-0.444896408567316,-0.438209787773499,-0.439391289419554,-0.442578002393467,-0.441520840922325,-0.44732223179151,-0.444789065681554,-0.452947167328575,-0.452167053582624,-0.455224755725517,-0.451148423943762,-0.454206810965584,-0.458542161438639,-0.46111150009058,-0.464264539005709,-0.466511114868892,-0.472330924189552,-0.472092883578972,-0.471844474491613,-0.47451389225026,-0.482489463092229,-0.477836547117621,-0.483942841647428,-0.487148861921027,-0.48677440295355,-0.4949566426815,-0.499033166716168,-0.49660570908439,-0.501898914003818,-0.502238752818863,-0.508698547130128,-0.51335901482803,-0.516732495671476,-0.523852891558822,-0.528843877466749,-0.53117369631746,-0.535867842912706,-0.539507959493936,-0.539426603844251,-0.540583434257815,-0.540073470361747,-0.540631939027467,-0.543138490759995,-0.547278304257104,-0.547637112596406,-0.54249040346261,-0.545646251064351,-0.55106414428237,-0.548849673120101,-0.552090445359621,-0.552256815624211,-0.551570137689318,-0.549986687954315,-0.550010344773962,-0.552517059877341,-0.558497937701107,-0.56834766177556,-0.572055099277156,-0.57070974935456,-0.572450857949447,-0.585598507874302,-0.593275614001879,-0.600065473042265,-0.59669494772727,-0.599236060004606,-0.603599841257169,-0.607390867530926,-0.61091373158566,-0.608090826306915,-0.612025061208004,-0.618851414847597,-0.620679793526554,-0.614609193250012,-0.621699654399809,-0.615201344771424,-0.612141033186724,-0.613399966655732,-0.610249776779815,-0.617143890460968,-0.62355717346849,-0.632052716749932,-0.635710508117068,-0.641264653532619,-0.646343870602406,-0.664487605126716,-0.671665067269686,-0.677996318488021,-0.688253941282482,-0.680449493079821,-0.677234423763803,-0.663334300255134,-0.667213117274968,-0.683941234982142,-0.682939780310784,-0.685153777914231,-0.686368849619591,-0.680520421543894,-0.680785959625399,-0.691268321401647,-0.697313293792923,-0.710989301662397,-0.729569278204346,-0.746340087171558,-0.764109784121659,-0.774511956126033,-0.77770487727913,-0.824550976287664,-0.85112509214339,-0.973608620990977,-1.08016475125975,-1.32199036302385,-1.51423909228613,-1.6974542437951,-2.16034963201311,-2.80296861581684,-4.15457041205041,-4.67711016962532,-6.18998252182979,-14.2061880771414
"28",0,0,0,0,0,0,0,0,0,0,0,0,0,0,0,0,0,0,0,0,0,0,0,0,0,0,0,0,0,0,0,0,0,0,0,0,0,0,0,0,0,0,0,0,0,0,0,0,0,0,0,0,0,0,0,0,0,0,0,0,0,0,0,0,0,0,0,0,0,0,0,0,0,0,0,0,0,0,0,0,0,0,-9.37833869098007e-05,-9.55442995105608e-05,-9.86237969045777e-05,-0.000100613898765936,-0.0001028171391742,-0.00010552168443097,-0.000108239667494551,-0.000109933204425053,-0.000112037154371887,-0.000113392693133872,-0.000115576150104332,-0.000118104324146717,-0.000120791512236356,-0.000123170563950389,-0.000183027542706195,-0.00029189876837349,-0.000300447555718734,-0.000311344298359236,-0.00591143655633818,-0.00649244724979253,-0.00714610276808869,-0.00763649904949685,-0.00808043944833124,-0.00871170762436577,-0.00938547180624871,-0.0100137625380303,-0.0103739134213814,-0.0110554973496374,-0.0115596121787645,-0.0161597974053251,-0.0215438938926733,-0.0226976674502252,-0.0238518813258223,-0.0257314957473994,-0.0265769808889031,-0.0275140310664391,-0.0286976653927779,-0.034053207132703,-0.0352432486213179,-0.0365294284241482,-0.0384508642753251,-0.0437298620307129,-0.044872366921992,-0.0467842591301668,-0.055524914207991,-0.0614987282663677,-0.0632449561785247,-0.0674222874749556,-0.0694333077449946,-0.0719928065789598,-0.083017848556305,-0.0887526430369891,-0.0922385261577387,-0.0984000476711111,-0.106379384960132,-0.114840267773564,-0.117742581642604,-0.131882005739011,-0.138949584362102,-0.154350004966246,-0.160496501870244,-0.182509496622652,-0.176327700544961,-0.193325440809914,-0.197827343136398,-0.215480283527588,-0.229450758693322,-0.251834263433657,-0.265285645252562,-0.285104065784437,-0.305307285017672,-0.328701140225281,-0.345122399290437,-0.363788127832707,-0.368999318249732,-0.384511140987655,-0.389411387691641,-0.376704138226142,-0.396922663662379,-0.412369972394908,-0.410377539632035,-0.405069655316446,-0.42382363732219,-0.449715413829941,-0.454938569069822,-0.469322582070497,-0.50244789654586,-0.530608157555448,-0.54498358820033,-0.574862753912853,-0.573438415161532,-0.595588050522124,-0.615851412501662,-0.620386914034266,-0.644764677063947,-0.660248346656488,-0.68084062258897,-0.687465984039637,-0.70480310281077,-0.711286108665169,-0.725464529849016,-0.74492211249295,-0.76598203173294,-0.760246553757808,-0.772865852548899,-0.790883040058745,-0.797834193623465,-0.804890094612139,-0.813288502480459,-0.836944384597043,-0.843164739546193,-0.841196023781788,-0.863109655996716,-0.850786799689094,-0.860622380518308,-0.865783219588916,-0.874592985602141,-0.890177440796157,-0.887966846298599,-0.896525092760942,-0.896658568551898,-0.891859844785181,-0.903547082470008,-0.909672443316392,-0.924374232974042,-0.917173567670487,-0.928972350793865,-0.945340266600558,-0.930590754728591,-0.940939578345172,-0.950280771814805,-0.961807881302368,-0.96895309066878,-0.956841812023019,-0.96628794351488,-0.966825114688309,-0.968775294510639,-0.972558161625816,-0.974974724885167,-0.947729802888076,-0.944633565622347,-0.948496569375544,-0.944367945975406,-0.945075514925027,-0.947261541479595,-0.955114288661263,-0.940919033715384,-0.942679828804726,-0.947896207894551,-0.953438834668012,-0.955527669163301,-0.96654192660137,-0.96195816654514,-0.964391923992509,-0.968469574332089,-0.972756792250087,-0.975111431219175,-0.960376361362664,-0.967576309389375,-0.964119269861234,-0.969321596343297,-0.966856000698045,-0.963917229564879,-0.968044054851004,-0.97080063355626,-0.969095889900352,-0.963397866754045,-0.963869268218385,-0.962394384645387,-0.961255849742171,-0.960620452395073,-0.955344141284208,-0.954559586083002,-0.944892160678057,-0.947365372435879,-0.947244590059157,-0.946376071582211,-0.948723566041366,-0.941564688971384,-0.946276020927903,-0.945014735812768,-0.936523677424706,-0.922801802175362,-0.909250636817569,-0.902498174493696,-0.894113020463029,-0.878729579198934,-0.879554590944839,-0.879284069938294,-0.873523969797661,-0.856111303593586,-0.851951176416445,-0.846551599969634,-0.84396071960643,-0.84049215317894,-0.840403787008283,-0.827914518294541,-0.82320185933552,-0.824204726377329,-0.823672119101071,-0.818372540662444,-0.815750533162191,-0.813889749857223,-0.814164484408418,-0.810675104341489,-0.806880142000983,-0.801092914378841,-0.79803215468494,-0.794463401999614,-0.795457979258403,-0.79444825534228,-0.791296375437389,-0.786187438545025,-0.782593673778856,-0.790682497483772,-0.791499190158372,-0.790181246422953,-0.794763693092155,-0.78866715056199,-0.778262183758357,-0.77698592130263,-0.774402783854636,-0.770405441773047,-0.767145105030621,-0.764515367694117,-0.76307759235504,-0.761393195475145,-0.756939789638477,-0.749037109179115,-0.751731647368965,-0.750291265597069,-0.740977526510617,-0.734815190388351,-0.73041946605664,-0.727645741613208,-0.727750790329771,-0.725024482696341,-0.726616301779305,-0.721212414958739,-0.718947353813142,-0.714088785363392,-0.711257597256211,-0.707978444804545,-0.702555940351494,-0.69961015920232,-0.698234771858649,-0.684873460791456,-0.677954356506523,-0.675475602843552,-0.674581852484955,-0.666184701427122,-0.659074998277674,-0.653757878250464,-0.655676367763218,-0.650232280601141,-0.647151819735673,-0.640373445084477,-0.637190991569657,-0.63001268986737,-0.628917374027204,-0.630304090256694,-0.624989965446974,-0.616327943296237,-0.608362864282328,-0.603898210714138,-0.594979636050854,-0.589589691877805,-0.584552670320794,-0.581140280389506,-0.576002679392454,-0.574821726555094,-0.573234361288922,-0.570147000134774,-0.566078876579306,-0.561657499202816,-0.561671982290308,-0.53525130404779,-0.520814671876945,-0.514594304541012,-0.512959393803524,-0.497097599456269,-0.491045035402065,-0.475079829741238,-0.46922420772752,-0.460355389413365,-0.454126139825505,-0.44609873561377,-0.449025701355571,-0.437263378299268,-0.431730798722012,-0.415206581364164,-0.408686949550666,-0.397145048835747,-0.388065259522668,-0.378608409260457,-0.370251288672751,-0.366140167346433,-0.358425652220368,-0.349408953969056,-0.344069995651302,-0.331156353894995,-0.323658663031631,-0.315570690713237,-0.304366486206283,-0.297203513540483,-0.285191030041703,-0.279405388484757,-0.269286218843624,-0.261578741880707,-0.248463319975005,-0.242017189976929,-0.235960220757527,-0.226238352611169,-0.218010782781176,-0.205525597136017,-0.198054087332531,-0.191231355458902,-0.180749602055495,-0.172841522891398,-0.169701493443202,-0.153770947268584,-0.144361327984044,-0.13207918279952,-0.121695943223201,-0.11791149646549,-0.112703788028878,-0.104264026071309,-0.100023054326869,-0.0883169933879053,-0.0797190289341543,-0.0651671828960525,-0.0582918992348229,-0.0518408649748352,-0.0457586636402663,-0.0355438770879091,-0.0261386738086711,-0.0179334947058838,-0.00879319166765646,0.00418970301243649,0.0176327001199665,0.0276344947321332,0.0330035841156351,0.0385959087644385,0.0527836280223419,0.0678655334191414,0.0738644505696686,0.0796871901775116,0.0960627579861035,0.106804986353457,0.116816211073781,0.130566836541802,0.142843243642976,0.155785748005465,0.164400740738621,0.16889742921138,0.176008589440341,0.182282153131352,0.19574009773826,0.200493832804906,0.201525500553625,0.207944214156877,0.214094656908462,0.227559392476128,0.236536368440184,0.240741573201216,0.249884213973829,0.262415439130456,0.276385856902823,0.283358413536831,0.289368967599587,0.303967295661209,0.320835432062109,0.326044428866475,0.340645258550197,0.358252124933208,0.363298069296835,0.371726595444487,0.382858527849902,0.383351091622659,0.39021358690938,0.402212670336165,0.410425908792558,0.418819250403122,0.412347541043403,0.420828637297992,0.426686431039191,0.438921004117569,0.457264699286772,0.480456109590601,0.489733639102073,0.498654958493982,0.497337214864298,0.512078679402161,0.522577104691061,0.534976227776084,0.551232325131266,0.573934273710451,0.57736899406107,0.587691496679418,0.591674705654758,0.593025105327829,0.591581208626116,0.601744225449391,0.589127217781655,0.627794259067704,0.622405802812189,0.631741287516327,0.598184049058454,0.57353813421455,0.562536937896579,0.547329450865068,0.536829222630963,0.377797403585318,0.230179149931423,-0.415073162418585,-0.551310500133683,-1.10207540875892,-7.15428600261834
"29",0,0,0,0,0,0,0,0,0,0,0,0,0,0,0,0,0,0,0,0,0,0,0,0,0,0,0,0,0,0,0,0,0,0,0,0,0,0,0,0,0,0,0,0,0,0,0,0,0,0,0,0,0,0,0,0,0,0,0,0,0,0,0,0,0,0,0,0,0,0,0,0,0,0,0,0,0,0,0,0,0,0,-0.000167522896533148,-0.000170668370258732,-0.000176169198713649,-0.000179724067429696,-0.000183659660151532,-0.000188490721069122,-0.000193345785601789,-0.000196370907868448,-0.000200129140545558,-0.000202550505216349,-0.000206450759282657,-0.000210966772752373,-0.000215766829000488,-0.00022001646901957,-0.000357890198046025,-0.000681950503768532,-0.00070051728131071,-0.000722489919468524,-0.000758448046971213,-0.000785329982740421,-0.00084639456306242,-0.000870318957443614,-0.000892323389236646,-0.00116644188172411,-0.00121686077265981,-0.00122504057107708,-0.00156459854600363,-0.00162256378174283,-0.00171769313082704,-0.00352255245507392,-0.0066470583938242,-0.00737541606179814,-0.0227906776127199,-0.027499938258517,-0.0323323851452355,-0.0383219238499947,-0.0434579554570812,-0.0485220086312713,-0.0538794414524271,-0.0579510510569047,-0.0674098805077657,-0.0711149507849104,-0.0749626422138928,-0.0788064621934752,-0.0811120688593213,-0.0844203059637962,-0.0879609525219715,-0.0918521807004923,-0.0948230385175594,-0.106064162086801,-0.107289665658502,-0.115350125270961,-0.121019041249981,-0.125051140254093,-0.136939316544141,-0.154348553654516,-0.156601687036585,-0.168589606695851,-0.174634959220514,-0.180417645118126,-0.194600726458312,-0.201575892529355,-0.211803956583104,-0.230090743310177,-0.236951261431474,-0.245233550094292,-0.247699268831061,-0.264650608060763,-0.284222363859049,-0.293745739088146,-0.313926015545823,-0.331482490181186,-0.338887772586408,-0.355078323647753,-0.362303804156927,-0.36821807908814,-0.358627331329984,-0.358965073290832,-0.371447490811908,-0.377529359417827,-0.376377245686655,-0.354969044957979,-0.376644358462636,-0.359820268830817,-0.346888926066587,-0.350207588750629,-0.353525825114354,-0.359759059964321,-0.358896983080723,-0.377001825135346,-0.382764868842658,-0.406035999648845,-0.417588768014213,-0.418779821382582,-0.428747776500125,-0.438933493510544,-0.443055107267828,-0.44574073347869,-0.476501042952219,-0.48718291590427,-0.518989545821267,-0.516917639382474,-0.53589175881335,-0.555774570188659,-0.559211515699966,-0.579013757851331,-0.579851407106147,-0.588758722843915,-0.577580744281098,-0.587526477340579,-0.596641521561306,-0.590087342105066,-0.591848023358827,-0.593917207232517,-0.601653640635591,-0.598909459519873,-0.594595125367776,-0.612977384821462,-0.601339944125073,-0.611518270930224,-0.617285402269741,-0.617290776515702,-0.606832680754881,-0.609435973151158,-0.612814212110374,-0.595777825019693,-0.609777442089652,-0.616920182451381,-0.624466425346389,-0.624876634426702,-0.63524652733494,-0.645133429879963,-0.634017530293815,-0.632274347853245,-0.640912580990455,-0.651268199445044,-0.67598084644649,-0.669283425826741,-0.647669424229793,-0.620042660997999,-0.613867162638026,-0.597622383030278,-0.585109119728289,-0.590217358973046,-0.588875092122903,-0.581194993456876,-0.558032912236946,-0.54642539230343,-0.553183965389417,-0.559317076366587,-0.564946161145304,-0.558324806475532,-0.555346141917852,-0.557687730777475,-0.557526842763155,-0.557929797460695,-0.560350935945877,-0.545895722990325,-0.544785939708934,-0.534109373901745,-0.532722462163416,-0.527704089182336,-0.52058065989235,-0.517574609194631,-0.512465597512714,-0.504414272773892,-0.494212931510251,-0.49274457132603,-0.486972142863094,-0.485393329277455,-0.472592358643658,-0.463292870984196,-0.460964654818096,-0.444766040485697,-0.444438505262258,-0.43809300705354,-0.435833006134673,-0.428931484219713,-0.423872446789699,-0.422972745585439,-0.415242974473658,-0.413632190935233,-0.398015975723781,-0.380761470380579,-0.379249670070099,-0.369814301379622,-0.345621689669295,-0.339182389326216,-0.331615831087537,-0.324408650698954,-0.298862689176202,-0.288716082667807,-0.282738498820416,-0.276438610456751,-0.267840659528641,-0.259009443117666,-0.230683434859726,-0.217601290418221,-0.218345803026465,-0.213999435274131,-0.20718679413406,-0.20059996038994,-0.192397970366606,-0.190144786900813,-0.185458142499494,-0.179441634400055,-0.173006872685868,-0.170418508119052,-0.162739422061674,-0.153897597917281,-0.149332056307225,-0.144572197655081,-0.138328419938932,-0.123915122449765,-0.11680547826533,-0.115269771396292,-0.11175219776144,-0.107068164451494,-0.0973326384295028,-0.0851306092579438,-0.0764409474021848,-0.0663335579581863,-0.0582113378383207,-0.0497593204222571,-0.0404932466443995,-0.0311193391617657,-0.0249470721859917,-0.0179900280072616,-0.00838798286439801,-0.00701773823922358,0.00230089929382848,0.00807800054328256,0.0168760883272272,0.0165736119745883,0.0236046170068869,0.0289616266647907,0.033579809380774,0.0340227142083476,0.038480890874089,0.04209308941439,0.0546791558442987,0.062145396636824,0.0649677788875165,0.0728949569403186,0.0754964762372787,0.0771731863990786,0.0932204330656066,0.101407665803118,0.104624116143811,0.10500691115842,0.114233321745985,0.113106110536435,0.11473238242473,0.114722534144339,0.113602938329792,0.118344287343308,0.123098761066529,0.130955074582048,0.147642630184091,0.153117915016379,0.155626367311175,0.156050197722698,0.160114348455233,0.164402588548376,0.163433280345111,0.169419578299959,0.174919081725796,0.175562550940348,0.184650404711257,0.187567708568151,0.192760485652443,0.192814183128596,0.197855113347851,0.199722846020501,0.206894520006388,0.210070536905147,0.220869256994207,0.228648397729738,0.233398328705177,0.233990409212812,0.239185930509753,0.240163163939911,0.239597718091592,0.244112574453294,0.245926971429853,0.243914533950535,0.24569883862513,0.248188043100607,0.252322096024758,0.252051568687609,0.25232632274675,0.256000737830186,0.256058421019835,0.261063882533717,0.260347424928665,0.258608583513147,0.251462030772361,0.24358481102271,0.253488746817855,0.251082617661873,0.255421615912299,0.256728090467804,0.254332230452581,0.259119255268135,0.254553257123747,0.256143238166619,0.250180528180537,0.246939003652262,0.246370696881601,0.254132841937162,0.249800516533831,0.249097788161209,0.253264413238028,0.247169915843373,0.243236160963852,0.238204135371071,0.23481268962259,0.230995311981495,0.233984136037276,0.230261006314999,0.231212825531769,0.230841964543226,0.228898439860166,0.226026954588535,0.220673440347205,0.218258080247725,0.223456848243107,0.217998495118719,0.214627469891727,0.212519716467299,0.211565357224068,0.213064216826256,0.210312013742014,0.204364443537114,0.201940304318494,0.194994397353632,0.183750801617984,0.178061864063247,0.179431832050954,0.171588444860112,0.165149910766634,0.165771227736948,0.156917903589736,0.158205816503967,0.156091601655106,0.150218758836907,0.141946428151438,0.141908897681886,0.135834193338704,0.136842806019957,0.135303573473558,0.133960839424051,0.130230245096751,0.132439547203728,0.129474870046059,0.120560438119611,0.118148999854723,0.116061439361012,0.113307210245675,0.102284214735425,0.089780900280293,0.0801153887550057,0.0778001313902767,0.07644201754537,0.0753072511159751,0.0716593499430516,0.0671493743360037,0.07219841536193,0.0658426699532109,0.0597262526222428,0.0403302550124025,0.0344138964580087,0.016633893249449,0.0153723156818533,0.0128580244849139,0.0101679569738373,0.00179330152556378,-0.00457356288738953,-0.0115439215479416,-0.0137790870365397,-0.0273178036404369,-0.0324075853639028,-0.0527273795450567,-0.0732137932803545,-0.0837359567421134,-0.102695370377368,-0.134232319581883,-0.142022477116184,-0.164724004643218,-0.168539292116958,-0.197356146468124,-0.221019438277379,-0.232000565009198,-0.241688922562669,-0.256754002885832,-0.26485999986401,-0.28543963079779,-0.32015860102538,-0.33865712409398,-0.367630287067625,-0.396463225903055,-0.426579556122843,-0.464484089331044,-0.482063197207341,-0.482720967915252,-0.536118979965655,-0.59061620366069,-0.640954315890273,-0.898351636307589,-1.47911099163613,-1.76794310451915,-1.95175689382052,-2.15213587438206,-2.57027730038464,-3.64214252593011,-3.75582501297557,-4.01227911576214,-13.4081806460552
"30",0,0,0,0,0,0,0,0,0,0,0,0,0,0,0,0,0,0,0,0,0,0,0,0,0,0,0,0,0,0,0,0,0,0,0,0,0,0,0,0,0,0,0,0,0,0,0,0,0,0,0,0,0,0,0,0,0,0,0,0,0,0,0,0,0,0,0,0,0,0,0,0,0,0,0,0,0,0,0,0,0,0,-0.000249355392080191,-0.000254037383917427,-0.000262225286971455,-0.000267516657290536,-0.000273374729748278,-0.000280565693575904,-0.000287792386435029,-0.000292295236878179,-0.000297889311491982,-0.000301493477545411,-0.000307298948928976,-0.000314020969218061,-0.00032116578304667,-0.000327491310333281,-0.000535609423557018,-0.000796754094317544,-0.000819133163513969,-0.000845166519885873,-0.000841519154575632,-0.000868740966065096,-0.00094392993464494,-0.000968122096242881,-0.000993636156962318,-0.0013040099776229,-0.00136501000419829,-0.00139331757582256,-0.0016426574350615,-0.00169962860183828,-0.00172837720857459,-0.00288233017221946,-0.00596259308428575,-0.00662603241620434,-0.00691659957381813,-0.00778666669253462,-0.0087596675986395,-0.0094013589130533,-0.0101470201240304,-0.0107797416767604,-0.011318589641592,-0.0115946380275188,-0.0114663477144582,-0.0119447884582591,-0.0125787669510588,-0.0130407584345399,-0.013594368746203,-0.0138341829870798,-0.0141223042084964,-0.0147541940302467,-0.015285696840042,-0.0157795454845557,-0.0207793272436885,-0.0200374646198157,-0.023939261794983,-0.0252119042777922,-0.0257732415131766,-0.0268419281157437,-0.0185300893167778,-0.0418863609764761,-0.0425216627666097,-0.114256383733967,-0.120252377736119,-0.13146917601081,-0.133269428679357,-0.139389338032345,-0.15563164987289,-0.164014375759219,-0.167808017154721,-0.173194820833703,-0.201061237407556,-0.210827001536501,-0.221945281560366,-0.231388704353931,-0.237725711774276,-0.239376951481681,-0.238145158227108,-0.305430424579556,-0.310171891321643,-0.303817297281522,-0.321893095852823,-0.304260979518142,-0.299563633781359,-0.353619583550304,-0.388224039111515,-0.435483668665494,-0.470856046464563,-0.522683888823426,-0.540615572333913,-0.559300430802626,-0.620118053011053,-0.633671850276152,-0.649883606064463,-0.652128173380404,-0.67635850279944,-0.681976144591905,-0.716443793993203,-0.737802060521353,-0.739704955046705,-0.75983007746988,-0.783102320667325,-0.793583749860127,-0.812518915587042,-0.8225847358894,-0.855878767177716,-0.89585895743627,-0.910540315674529,-0.944210663703609,-0.966330633129541,-0.993747091823716,-0.99887731733775,-1.01650331969608,-1.04162047083566,-1.04673939086781,-1.05779859473548,-1.05061814124023,-1.06656744082482,-1.07272379151632,-1.09004556416288,-1.09912974060981,-1.10455717933321,-1.13083022639537,-1.1488278088732,-1.14882230374549,-1.1680859051135,-1.18325953644218,-1.19055262349266,-1.19348274937742,-1.22257065463907,-1.23768269974477,-1.28747064130718,-1.30582858653532,-1.31967605377503,-1.34109348779843,-1.33477026645315,-1.34460702227859,-1.36777940654946,-1.37138698165685,-1.37824206842914,-1.39499130987197,-1.40404347668539,-1.37789882638608,-1.3793460161996,-1.39687156854668,-1.40283327822225,-1.41685459947164,-1.42470894102641,-1.4298237007811,-1.42153045514765,-1.42926463620654,-1.43650448250237,-1.43890412420426,-1.45071674031379,-1.45617444949439,-1.46539184658877,-1.4709106567233,-1.48446902631134,-1.49895377874122,-1.51022554958192,-1.50576462484925,-1.51376192513676,-1.52074855397468,-1.53384670927128,-1.53980450154986,-1.54320115750278,-1.55543721061157,-1.56171456537428,-1.55801442950845,-1.56059959357352,-1.57297324446941,-1.56136640345902,-1.56488631435326,-1.5720893147278,-1.59224935986335,-1.58384873831362,-1.57738356121274,-1.582619060127,-1.58636985107296,-1.59146390486388,-1.59718309909668,-1.59819265214734,-1.60486537076428,-1.60553031190225,-1.59825526201705,-1.60101771108797,-1.59113570884222,-1.58947547016007,-1.58942574298353,-1.58577774993735,-1.5881822939458,-1.59266608538443,-1.59057256220995,-1.57574691417015,-1.58256144628685,-1.58424872217466,-1.58829356005283,-1.58825166451204,-1.58751069054163,-1.58353542980644,-1.58744831751758,-1.59629328918741,-1.600705028348,-1.60531235014079,-1.60827333338355,-1.60372150693982,-1.61377456054741,-1.61735706192262,-1.61718661000595,-1.61266464066821,-1.6149355849268,-1.6240128076839,-1.62991721692561,-1.63765899556614,-1.63523773074233,-1.63974432494178,-1.64682417565671,-1.65114618299902,-1.6589753821371,-1.6672295707319,-1.67806132292333,-1.6765672779978,-1.67521163780657,-1.67827402720638,-1.68099320543234,-1.68071606287764,-1.68511762309476,-1.68753390196829,-1.68181190131789,-1.68291287488004,-1.68324444408998,-1.68327277920391,-1.68967803064334,-1.68744225492165,-1.68680276334488,-1.68495911315101,-1.68959505659343,-1.69095733588457,-1.68881734718892,-1.68859403668353,-1.69705057603798,-1.6965913654116,-1.70033095655576,-1.70229671292742,-1.70450966523502,-1.70967276605439,-1.70698678551068,-1.7094212745548,-1.7103598614313,-1.70620276779168,-1.70665866519428,-1.70716993496778,-1.70123855710415,-1.69799794154758,-1.69381897684775,-1.69043638399112,-1.69089173965397,-1.69598029290783,-1.70133370301071,-1.69580985410592,-1.6912783581618,-1.67787994409782,-1.67922505520226,-1.67997555107303,-1.67768697678255,-1.66654639013785,-1.67149719651709,-1.67024823047889,-1.66311209248131,-1.66884760837175,-1.66954947098303,-1.67716589281727,-1.68266586089926,-1.68002673853692,-1.66972818845803,-1.66606492233247,-1.6659623680091,-1.66548211189325,-1.67043349522742,-1.65677208856791,-1.64343794649633,-1.64708737976629,-1.6502271782492,-1.64213059825969,-1.64174302124447,-1.63555405771694,-1.63226229309276,-1.63010333577618,-1.63398611077252,-1.62987758143597,-1.63199511653611,-1.62389868603811,-1.61763075571556,-1.60567422704794,-1.60685635625386,-1.5984171390002,-1.59658188377091,-1.58691722576816,-1.58563610228236,-1.57985218810859,-1.58436490174905,-1.57790497668766,-1.57277172372836,-1.56918324017253,-1.56407039104814,-1.56666788836593,-1.56370478213144,-1.55635691398164,-1.55188913926883,-1.5492373161843,-1.54917202041358,-1.54786138914789,-1.54016338743518,-1.53298004127904,-1.53488139093658,-1.51531349173639,-1.51421097672704,-1.50263197581423,-1.49832649769532,-1.48843479455622,-1.47779101918608,-1.468003349169,-1.46713004575022,-1.46272831440388,-1.45206645686381,-1.44222558824076,-1.43750767078234,-1.43390518376281,-1.44281478571944,-1.43774916076211,-1.42045681431169,-1.40355734866307,-1.39208038816848,-1.38086869697003,-1.38131888722161,-1.37147029113927,-1.37657513855047,-1.37542536110784,-1.37713686332963,-1.37468093988865,-1.36759646126476,-1.36897750773326,-1.35775113101915,-1.3467338912182,-1.34132106573504,-1.33766092924739,-1.33983674979474,-1.32464801738106,-1.3127231556516,-1.30980980587061,-1.30267232244046,-1.2928377760328,-1.27597659037307,-1.27792179607728,-1.26610735295037,-1.26192368841337,-1.25525760113306,-1.25948453523821,-1.25900675907475,-1.25827104304158,-1.24610862274633,-1.23612249582629,-1.22628999855095,-1.2146064229056,-1.2085653731577,-1.20175100011632,-1.19076216611633,-1.19747244776132,-1.18598815583782,-1.175618025393,-1.16960043683773,-1.15337339800069,-1.14337882174669,-1.1250759967695,-1.11968653298796,-1.12907288082017,-1.12781784884954,-1.11338625833876,-1.10806359692832,-1.09613694463078,-1.0963201094753,-1.10721354435003,-1.11074310650275,-1.11080562261061,-1.10541755373452,-1.09571638320308,-1.10012846654839,-1.10518849535749,-1.10126500188041,-1.08567054031101,-1.07948314282204,-1.07189964194332,-1.07509553593741,-1.08405490360197,-1.10254431377834,-1.10909335763736,-1.11500413834925,-1.10386269286721,-1.09525035208841,-1.06028062808789,-1.04910699675914,-1.04432459743231,-1.02481576818046,-0.996413517039172,-0.971157630172962,-0.985760176282334,-1.02055833922251,-0.98813649303932,-0.990366258062615,-1.02418759676179,-1.04858528407593,-1.10184885175848,-1.2812788018006,-1.5530829130034,-2.14507802113614,-5.01530326043534,-5.31355488052005,-5.482677901494,-9.02291322334197,-10.7962742738317,-21.3003885223574
"31",0,0,0,0,0,0,0,0,0,0,0,0,0,0,0,0,0,0,0,0,0,0,0,0,0,0,0,0,0,0,0,0,0,0,0,0,0,0,0,0,0,0,0,0,0,0,0,0,0,0,0,0,0,0,0,0,0,0,0,0,0,0,0,0,0,0,0,0,0,0,0,0,0,0,0,0,0,0,0,0,0,0,-0.00017419789161007,-0.000177468697586155,-0.000183188708037178,-0.00018688522145774,-0.000190977628934973,-0.000196001184780171,-0.000201049700670975,-0.000204195359751737,-0.000208103340225336,-0.000210621184825687,-0.000214676845569114,-0.000219372800815753,-0.000224364116602045,-0.000228783084675937,-0.000450131073984487,-0.000451658559934674,-0.000466413076151522,-0.000484377696406521,-0.0065909893841396,-0.00721691207635574,-0.00797150907303981,-0.0085016048384218,-0.00898255819263652,-0.00957124922816936,-0.0102863246844029,-0.0108765045196901,-0.0109458910142895,-0.0116490586062487,-0.012216095956203,-0.0166935159889576,-0.0207990877538938,-0.0217974791486946,-0.022960368699397,-0.0236332276637415,-0.0234370823555425,-0.0241060757671224,-0.0250454105718662,-0.0302658258571016,-0.0313496504587755,-0.0326248432697896,-0.0341226215430576,-0.039583335200657,-0.0400940917692814,-0.0417336084914415,-0.0513605653015233,-0.0567930658924722,-0.0582356539666731,-0.0617876454890962,-0.0638962682018941,-0.0660482256289895,-0.0728927840557758,-0.0809503378187121,-0.0826603573151692,-0.0907236378905517,-0.0944797071159512,-0.101839403821601,-0.109170522948504,-0.123141998920525,-0.129429839591188,-0.140326518845772,-0.145503772091163,-0.169731969072192,-0.178382895266375,-0.18978216754606,-0.19277620377729,-0.21737047019754,-0.219032592226698,-0.240532068664061,-0.254941524367384,-0.273182102253647,-0.28360169836155,-0.303442552731172,-0.310765208947966,-0.324204925084043,-0.331629755750509,-0.355489311148369,-0.370804619808407,-0.375457502611015,-0.40019017924701,-0.419637375240311,-0.433442472266549,-0.452634234218597,-0.464233750200763,-0.499011263706841,-0.513943997653535,-0.520001992400646,-0.537659751515946,-0.548365526875075,-0.560315087335193,-0.577173921981125,-0.58948982378548,-0.599620993664728,-0.617013574996575,-0.62047742100776,-0.632115675044624,-0.64733736813283,-0.657231650895876,-0.665331475230592,-0.667018566251939,-0.678283720732186,-0.694037282687267,-0.711793483493409,-0.715089498831828,-0.716173923207476,-0.725434816270863,-0.724400321889625,-0.732714725232384,-0.736909098338116,-0.748212226257885,-0.765439873213424,-0.775146143173001,-0.777519783435548,-0.794111349798426,-0.794606168794114,-0.797177912968779,-0.803285076504907,-0.809749074634806,-0.809712185142742,-0.805693170676456,-0.80695898977462,-0.822773903281178,-0.820924259981941,-0.834872487662021,-0.840208181335016,-0.853555465278234,-0.85845450457899,-0.857404345943945,-0.860321229924933,-0.870745910623588,-0.87601839824864,-0.887362094568678,-0.891594151583043,-0.896403449797913,-0.895899845390661,-0.901839669361308,-0.914068217064126,-0.913812966903117,-0.916750849531656,-0.922542731794256,-0.918637848118741,-0.923872167902691,-0.939602744331983,-0.952462391467419,-0.959347051104944,-0.969869056038012,-0.977553397217898,-0.987265140339472,-0.985500094430846,-0.996677022889259,-0.997795275825065,-1.00110045754338,-1.00740257682949,-1.01783793774999,-1.03090085645435,-1.03839821728542,-1.04467940963448,-1.0504663296682,-1.05376740772102,-1.06944081384649,-1.0700365632651,-1.07719100584326,-1.07968297290058,-1.08506118358151,-1.09611772347664,-1.10358661371832,-1.11096683043491,-1.1153367056851,-1.12086169174701,-1.12996493635815,-1.13361562431856,-1.13847737450739,-1.13849416926067,-1.14132200841763,-1.14225011029711,-1.1443226568326,-1.15057400413647,-1.1564272357252,-1.16355473866421,-1.16955983345045,-1.17496381244216,-1.17999691963318,-1.18738560774284,-1.19431172960535,-1.19833170927414,-1.20532286365537,-1.21060948991075,-1.21527112827075,-1.22659162200112,-1.2297512537445,-1.2330530499573,-1.23665271242882,-1.24270486425581,-1.24268874095998,-1.24518126033737,-1.25025645855313,-1.25516990665362,-1.2541109939707,-1.26146095013176,-1.26426247682524,-1.26310846055342,-1.26175300833506,-1.26384172439029,-1.26932338103296,-1.2759303597102,-1.27975700775398,-1.28714229509519,-1.2903876001377,-1.29672445132088,-1.30102664530224,-1.30481918837552,-1.30110229401662,-1.2982899684526,-1.30019628361991,-1.30994408860078,-1.31916103246102,-1.3255680101401,-1.33141538212666,-1.34291621864562,-1.34645396642002,-1.34837083553993,-1.35232334311517,-1.35569611552648,-1.35724677858529,-1.35832078306736,-1.36125497500317,-1.3642487398289,-1.36812231941541,-1.37026330930176,-1.36578338085624,-1.36909853877717,-1.37302366980805,-1.37513063993452,-1.37533061794473,-1.37581210479138,-1.37901416428729,-1.37998772015123,-1.38026783483871,-1.38218513933713,-1.38292835060544,-1.38030885827208,-1.3805172319644,-1.38226349503978,-1.38213600702389,-1.38272511324822,-1.3843680556796,-1.38379917830696,-1.3816052318245,-1.38208132849445,-1.3822237662167,-1.38428094274136,-1.3819299583772,-1.37861496628394,-1.3753181255025,-1.37844042539025,-1.37001030976806,-1.36984201814137,-1.36844564142788,-1.37068415296741,-1.36830861980336,-1.36608745152576,-1.36553096168713,-1.36245360373025,-1.36168351271461,-1.35865503119698,-1.35631395863679,-1.35039333161348,-1.34585040027669,-1.34110474582766,-1.33482173215479,-1.32886371895114,-1.3271312902135,-1.32148201256822,-1.31784429405731,-1.31236744234389,-1.30412589008911,-1.29842159655654,-1.29044460488744,-1.28306651053113,-1.27369771771918,-1.26878566031026,-1.26380567642808,-1.2538937738102,-1.24485779805237,-1.23440281542713,-1.22645343002772,-1.21493585627363,-1.20926425606068,-1.20549252978583,-1.19421724606297,-1.18659963093556,-1.17711597473897,-1.16827766237488,-1.1631418274581,-1.15523418149053,-1.14809903081097,-1.13715315955898,-1.12622316771592,-1.11706610478091,-1.10766111595694,-1.10316910987472,-1.0921421444365,-1.08386224064208,-1.07301352102396,-1.0593773846211,-1.05115457624505,-1.04077937514874,-1.02732529524449,-1.01915304117556,-1.00594477939602,-0.99608255553212,-0.990205597331968,-0.983087229721103,-0.971471639902888,-0.96078308716822,-0.953462613439624,-0.943200712897224,-0.940169426153499,-0.928533026215515,-0.916714851286139,-0.903196137335835,-0.891805096483591,-0.880812663692288,-0.864945138552565,-0.852809438840196,-0.843752032795177,-0.834208176508746,-0.828137373875803,-0.820045382738864,-0.808585187780411,-0.797757870384431,-0.782028145503362,-0.776086893495002,-0.76360197909941,-0.757628206523545,-0.743177053159076,-0.730522498046151,-0.722974089917911,-0.70883251019724,-0.696936543307071,-0.682976137070566,-0.671654681155465,-0.661570137082456,-0.651210647420464,-0.640246561137254,-0.627175100200216,-0.619187686680721,-0.60538673775248,-0.591998650608345,-0.57521640697108,-0.563961395987125,-0.549808266886214,-0.542109920547543,-0.529627715635105,-0.51228675740741,-0.502182271391733,-0.485541235427634,-0.471723229576123,-0.459403876918263,-0.449435131328062,-0.436559882842753,-0.426490953173055,-0.415674414967631,-0.406303240757678,-0.394049806837412,-0.389188084888663,-0.370186195212217,-0.358268666102876,-0.345275859025292,-0.335141370153276,-0.321422979141632,-0.302704694621772,-0.287758249941062,-0.275441558359495,-0.263003713603926,-0.2468982806992,-0.237399501810057,-0.230489504571158,-0.215055263244541,-0.20936979087367,-0.192609441716384,-0.180263228881705,-0.162956984267232,-0.152324548509203,-0.138972857071205,-0.122848351423108,-0.110207336917398,-0.0944969731036905,-0.0777670059480159,-0.0622003703376934,-0.0507971410948759,-0.0349171918575917,-0.026853489228706,-0.0190351745773936,-0.0153101763303867,-0.00125201722449364,0.0141034357973624,0.0335221165737516,0.0416804185107984,0.0580904386920289,0.066779689010539,0.0690313325548466,0.0780292784319214,0.103902077138478,0.113596806693963,0.167147853472035,0.226352277107436,0.266342456649222,0.324819857523499,0.375040201948719,0.456954605356383,0.552514895794968,0.646616045842343,0.749935407522481,0.824946710976066,1.01328273361902,0.991330157777758,1.04226816111189,1.08210500706768
"32",0,0,0,0,0,0,0,0,0,0,0,0,0,0,0,0,0,0,0,0,0,0,0,0,0,0,0,0,0,0,0,0,0,0,0,0,0,0,0,0,0,0,0,0,0,0,0,0,0,0,0,0,0,0,0,0,0,0,0,0,0,0,0,0,0,0,0,0,0,0,0,0,0,0,0,0,0,0,0,0,0,0,-0.000380760657844205,-0.000387909965012185,-0.00040041272794506,-0.000408492543772529,-0.000417437702343596,-0.000428418159171493,-0.000439453173510373,-0.000446328935380243,-0.000454870974564626,-0.000460374463484715,-0.000469239301275726,-0.000479503690772015,-0.000490413677481562,-0.000500072630154615,-0.000640280195608138,-0.00127169687560433,-0.00130547544460557,-0.00134504662701927,-0.00144129198091962,-0.0014934875364064,-0.00160808224168885,-0.00165506773798898,-0.00169640003475196,-0.00166194400348236,-0.00171286616748802,-0.00167310169794067,-0.00302018006514653,-0.00315574142543254,-0.00350992323895121,-0.00381773239200372,-0.00375939808768055,-0.00421101341568628,-0.02084594984075,-0.0236025517495438,-0.0276105983039502,-0.0330431690174226,-0.0379970806013326,-0.0416110069309291,-0.0466582057671504,-0.050702668319352,-0.059305442165683,-0.0605004366668795,-0.0630767463615759,-0.0656642213595934,-0.0672677745883623,-0.0700466529921956,-0.072236474826882,-0.0787517329282137,-0.0819609434819864,-0.0965368553323944,-0.0968879385620136,-0.104988260898891,-0.107172891064401,-0.110798547785275,-0.119142284420092,-0.134554485633265,-0.142090642121741,-0.155088756637933,-0.159711528618913,-0.163966352823188,-0.174792305507207,-0.180632501246404,-0.191146814449964,-0.203669017519043,-0.210042117171232,-0.215836826039538,-0.206358788484099,-0.218722735264681,-0.24589660294253,-0.251568508365669,-0.261662007907501,-0.272128549591446,-0.269777710323635,-0.278372078824395,-0.293517058999189,-0.304544355205738,-0.305158265859586,-0.313557531212743,-0.329036170978557,-0.335590237439699,-0.336621282219711,-0.342411586992071,-0.353513614715067,-0.349541342979429,-0.345505360156914,-0.338699237228532,-0.333577353284159,-0.325762476910756,-0.320109632556055,-0.319281125414256,-0.326396989674271,-0.33946344281658,-0.350156286987827,-0.344926325087414,-0.337011988150397,-0.351533600028046,-0.351638532785577,-0.35053616343538,-0.354544829942766,-0.376324249736102,-0.423460837263319,-0.420288173629016,-0.418571078976752,-0.427954213741701,-0.425632972510921,-0.429245406552033,-0.434370455108615,-0.435142362278359,-0.436006498535726,-0.436089482357595,-0.448607810099397,-0.448355501651944,-0.442478185238273,-0.438462322325321,-0.441556345927417,-0.439799753588622,-0.436020747764475,-0.445474179513824,-0.442036828276106,-0.448192109842407,-0.44405048449998,-0.445542805234893,-0.439536158387105,-0.44500319221408,-0.441856135807663,-0.457151098921891,-0.468064943934785,-0.469284191279867,-0.46994533985801,-0.461140323877299,-0.477340616581309,-0.478360829005543,-0.466291690477072,-0.46179009652978,-0.467055031587482,-0.483464537644541,-0.502113445286072,-0.497274197070637,-0.49875335755206,-0.503384158959478,-0.49865198358152,-0.49410820261371,-0.498326958396729,-0.516788159345963,-0.517902103475057,-0.51998993880599,-0.518808744891694,-0.512805550433466,-0.52277435304445,-0.529799951756156,-0.536432290003574,-0.530502390205856,-0.544644566368162,-0.555508552537172,-0.55768698324924,-0.562568726213536,-0.562517101283416,-0.565308932637719,-0.569648881333415,-0.567279637710813,-0.567430285126965,-0.568017749852655,-0.568341723230658,-0.571081932273062,-0.571933007257942,-0.572377679316423,-0.567227160505467,-0.567867178824814,-0.568498448883883,-0.566627572952245,-0.567261026804097,-0.56227994409434,-0.571579997974517,-0.564420656515239,-0.560524088339561,-0.559998098310354,-0.562292283386826,-0.562034013742978,-0.563334739471364,-0.565428814581568,-0.567705406085685,-0.566636656635353,-0.567412982723714,-0.565862401800402,-0.567413062070102,-0.568069533657532,-0.56576386483622,-0.563584760838322,-0.55764350782178,-0.560075971284617,-0.560754277892643,-0.562479213794037,-0.565746873399863,-0.561610345735348,-0.558734124774068,-0.556631319978203,-0.552262841511799,-0.550706020192832,-0.552109566969126,-0.546491654349821,-0.546134903415676,-0.546708875692525,-0.546108528153733,-0.555715672379513,-0.556551156592318,-0.558058998409197,-0.561079011620363,-0.563069780365073,-0.564354799269657,-0.563798313243644,-0.556816274386767,-0.551616750782747,-0.550927472659897,-0.541976925684031,-0.539042720287481,-0.542072670277722,-0.543705209189717,-0.542595152588584,-0.542142814180911,-0.54204595420928,-0.541012888557783,-0.539944164759201,-0.538561968787184,-0.537130436420285,-0.537652718563114,-0.536585043507915,-0.537715877918749,-0.53718866327029,-0.536099636769526,-0.53905809910617,-0.540220441703976,-0.544214571537017,-0.545272573253807,-0.545406907411829,-0.546274490733852,-0.547051085480943,-0.545557529192142,-0.548498714377829,-0.552910431729296,-0.556641069372464,-0.555038449797618,-0.554124892023405,-0.558875020817684,-0.557576013027912,-0.558395911503376,-0.558811799248532,-0.556699366665607,-0.553890112101816,-0.557611471751773,-0.558696655317626,-0.558735805396629,-0.563274668269319,-0.565566294707826,-0.571727434853275,-0.575105590561208,-0.575646080876307,-0.57513620894685,-0.571823336610097,-0.570719969693319,-0.57366071523055,-0.572761904757724,-0.577229212546874,-0.579781355780217,-0.58178951060767,-0.585801699661263,-0.587685610239022,-0.585919084964656,-0.588343329430791,-0.589681817522481,-0.593095107926147,-0.593116103895883,-0.594177595100113,-0.594273432924362,-0.596263278867157,-0.592542400674877,-0.592867814541437,-0.594133200182748,-0.59235670250044,-0.594345546486604,-0.594595676484666,-0.596218012119394,-0.598122604801298,-0.597399442089396,-0.596353154215619,-0.598007388847179,-0.597494691685166,-0.602732027482277,-0.595958794344539,-0.59384242699617,-0.597343647740113,-0.598930371964689,-0.601511489267231,-0.607075178956307,-0.609655225584188,-0.613808962740178,-0.609598700384497,-0.612463892133416,-0.615402496663452,-0.606560512176662,-0.605491428606156,-0.6039779833283,-0.602109594786894,-0.603961021774787,-0.599418300859147,-0.599137867930703,-0.603449820743974,-0.603053392697987,-0.605801750981123,-0.606235764315772,-0.602442514085435,-0.608999372418272,-0.6075736710618,-0.605494635509264,-0.612379099053641,-0.61694243116895,-0.612884679242139,-0.608704770117606,-0.61056167244135,-0.609084690821566,-0.604913915745191,-0.605315132269532,-0.601969904306676,-0.600288653307819,-0.599347676935975,-0.59688867815912,-0.593697339593243,-0.588227061872682,-0.584445906000588,-0.5851353118647,-0.578229392361274,-0.571746093717986,-0.565777634061423,-0.55606021579255,-0.552953548026515,-0.552266330984496,-0.55258996955493,-0.555639215256105,-0.556808389539007,-0.553216105891238,-0.553409707174528,-0.553637151203009,-0.552935001311716,-0.554850527029686,-0.548423508480867,-0.546336813105313,-0.54513261042769,-0.54585597864304,-0.536214633535909,-0.537582261073583,-0.547487200351157,-0.541003681203428,-0.536522919911703,-0.535392285111238,-0.531206194556757,-0.526331937154589,-0.526143453989837,-0.521936120202555,-0.526309466575908,-0.52019453754638,-0.518811016939663,-0.524841942474073,-0.5304117163943,-0.529296533213706,-0.528711480019426,-0.517849469047881,-0.515664835501593,-0.510477952152348,-0.502336116355421,-0.504090557331589,-0.497344591753046,-0.505251043878631,-0.502512892524425,-0.510069136510298,-0.508620031291472,-0.507737719693552,-0.513933415693291,-0.516523180474015,-0.519193672330379,-0.52905803149692,-0.531596400768265,-0.539251409985483,-0.534703992491818,-0.542468240069682,-0.552851078643571,-0.548416143793553,-0.558190381610327,-0.575154685963822,-0.596495083903809,-0.610596502191073,-0.622195914824373,-0.643823749290428,-0.659851395609374,-0.668359296886163,-0.685229760927945,-0.696925141012105,-0.714320925079231,-0.729847202512111,-0.752092415658264,-0.780604972729523,-0.810697429144302,-0.84679155993443,-0.877040659157663,-0.912689989612053,-0.91773348010601,-0.916668551239672,-0.931131465228073,-1.00596651444708,-1.01421424797096,-1.25486535039603,-1.81381055381935,-1.94351010853861,-1.92133419884128,-1.76379813577813,-1.70221325528374,-1.79535831872447,-1.57121737009108,-0.731711309902237,-4.8895109543882
"33",0,0,0,0,0,0,0,0,0,0,0,0,0,0,0,0,0,0,0,0,0,0,0,0,0,0,0,0,0,0,0,0,0,0,0,0,0,0,0,0,0,0,0,0,0,0,0,0,0,0,0,0,0,0,0,0,0,0,0,0,0,0,0,0,0,0,0,0,0,0,0,0,0,0,0,0,0,0,0,0,0,0,-0.000347190234592478,-0.00035370921070432,-0.000365109645876105,-0.000372477090738935,-0.000380633583902754,-0.000390645929725442,-0.000400708022901599,-0.000406977571310615,-0.000414766486807077,-0.000419784751089052,-0.000427868005093567,-0.000437227416901865,-0.000447175505726352,-0.000455982860098128,-0.000644595401851514,-0.0012265498717694,-0.00125951021827577,-0.00129798236547339,-0.0013145990931189,-0.00135762557720241,-0.00147364557699968,-0.00151273116908181,-0.0015485691848581,-0.00169928522940601,-0.00175762124507363,-0.00175128593074463,-0.00322047619430574,-0.00336769950167112,-0.00361060508099791,-0.00384374455964149,-0.00395726740000774,-0.00440346938589864,-0.00463119994483323,-0.00634631429055274,-0.00664369213132783,-0.00739347831246145,-0.00828359812081323,-0.00937678904848817,-0.00987512470736095,-0.0107521171086205,-0.0103009929389048,-0.0119831544034791,-0.0119801936135196,-0.0128619309282347,-0.013751277499096,-0.014658315047335,-0.0146707228180456,-0.0145895899446993,-0.0157235540975067,-0.016101826243427,-0.0170825595806005,-0.0189211883097748,-0.0185314912059419,-0.0192140130151964,-0.0174977344385879,-0.0181256098591371,-0.0143822556776227,-0.0402380481152907,-0.0391773567475269,-0.100287898261146,-0.104654905722058,-0.118824528793512,-0.123004452709354,-0.122145582470567,-0.135789329576254,-0.141348392029497,-0.135190723559925,-0.135990257527467,-0.162513929551592,-0.165549739550192,-0.170082434462095,-0.173241416608895,-0.16561711151615,-0.167781168995926,-0.164533791840403,-0.274122242220598,-0.29041369294537,-0.297265890468571,-0.320872979230702,-0.33160410890871,-0.34546636108851,-0.410689950785968,-0.424490880010649,-0.474730912256706,-0.531363346762654,-0.573535045395865,-0.579665256928824,-0.588106163814094,-0.638132297558529,-0.644719468740832,-0.662775876698674,-0.668703365011583,-0.694228382169493,-0.709902641232435,-0.743841446529599,-0.76659893612158,-0.788820495296766,-0.812503915535553,-0.823285954698612,-0.839537855815515,-0.854531167637638,-0.868869254975249,-0.888317729145129,-0.935851094724084,-0.950116549384291,-0.967706982621334,-0.992053968646157,-1.0228906773808,-1.03487480862512,-1.04052274824269,-1.07264289140885,-1.07520319029754,-1.09638723305321,-1.09335616955468,-1.10592684653069,-1.11251727302428,-1.12727049318358,-1.13696256399664,-1.14291902840354,-1.16131714069525,-1.21238624289337,-1.21497442815416,-1.23384571340233,-1.25007880340492,-1.25920684578559,-1.28276301997058,-1.30159545997511,-1.31061340937956,-1.36561189698768,-1.37547292303282,-1.40136890555174,-1.41785003602755,-1.40878323826834,-1.4242987838932,-1.43767338626545,-1.44893807606638,-1.46261323968464,-1.4850340790527,-1.49890009819097,-1.4960486242769,-1.50391250111354,-1.52400290565928,-1.54112021489247,-1.55394987436436,-1.56969152853049,-1.57722703159034,-1.58560712324505,-1.58540380557255,-1.59670762187922,-1.59789204441008,-1.60972149729004,-1.61526640690363,-1.64233217220355,-1.65469123468719,-1.6732052020539,-1.69661793311783,-1.7124921460786,-1.71932067006988,-1.73753869443165,-1.74840034967955,-1.76791961728319,-1.78202421827723,-1.79517207644626,-1.81402297478971,-1.82258238092669,-1.82578243039599,-1.83426818154815,-1.85355493842624,-1.86091539470312,-1.87020998539168,-1.88158124477979,-1.90270853011597,-1.90749237828443,-1.91731571365255,-1.92366394018133,-1.93195103657306,-1.94608549152487,-1.95249123474307,-1.96685166643014,-1.97642617214367,-1.98779768385356,-1.99504281572156,-2.01289963278917,-2.01676108146739,-2.02395933451932,-2.03491468349039,-2.04872548582075,-2.06170765473989,-2.0704539869329,-2.07815448134061,-2.0932003798896,-2.11124038728511,-2.1188365150902,-2.13053016223744,-2.13871373636001,-2.14559439371246,-2.14792262592382,-2.16194909687435,-2.17175531237456,-2.17524853566888,-2.18205542938218,-2.19217452589026,-2.19607784990196,-2.21331436137979,-2.22232026372669,-2.22901862970255,-2.2340269335095,-2.24323397145991,-2.25857144156829,-2.26833592605928,-2.27318107465047,-2.26524695681331,-2.27580573813065,-2.28906752719802,-2.29825821521442,-2.31022901309692,-2.32244850240102,-2.33581272467609,-2.34352367665989,-2.35425080946635,-2.36298532948847,-2.36943612332381,-2.37428310643304,-2.37918489601503,-2.3858862979488,-2.39116448738567,-2.39814407612202,-2.40089605420403,-2.4089478082015,-2.41542566113437,-2.417918150935,-2.42482034155662,-2.42993331469102,-2.44042854937813,-2.45164412341124,-2.4491386425395,-2.45149795967822,-2.46166645768534,-2.46715748096034,-2.47436688264496,-2.48152277982094,-2.48731945266216,-2.49161147296037,-2.49374107537995,-2.49949029986018,-2.50294036543524,-2.50891674803327,-2.51539892200733,-2.52063951760831,-2.51591262936636,-2.51970297661449,-2.51544410780407,-2.51340985594682,-2.51552153136919,-2.51846506479703,-2.5293788173674,-2.52565370582733,-2.52563945394568,-2.52248099709792,-2.52239634862443,-2.52258247507224,-2.52087323348484,-2.51879664667797,-2.53115708596427,-2.53497657105074,-2.53309027280707,-2.54055211014555,-2.54105060762498,-2.55203280199309,-2.5569127195189,-2.55543000143157,-2.54299665736954,-2.54147057637992,-2.53999458824069,-2.53598934160296,-2.53754583186944,-2.54001430135314,-2.53600210268053,-2.53783821592211,-2.54290175142182,-2.5439065272274,-2.5415544425176,-2.53972697095776,-2.53762888660945,-2.53762073728811,-2.53837889580153,-2.53901717594886,-2.5354097093616,-2.52927478073216,-2.5244294932956,-2.51923476429952,-2.5199318355279,-2.5164651262599,-2.5199345214587,-2.51192120755078,-2.51087431738231,-2.50585675886245,-2.50854923046357,-2.49795660439793,-2.49424251984526,-2.49367265307114,-2.48883202015037,-2.49406283990904,-2.48648876496649,-2.47681843951909,-2.47138756651572,-2.46188222239326,-2.46143641066019,-2.45113495994939,-2.4452368631576,-2.43801369900477,-2.43792411491693,-2.41730659291325,-2.41420917372235,-2.40239999690973,-2.39433637729222,-2.38521026498601,-2.37056499004345,-2.36028535547135,-2.34665878861088,-2.34385955811661,-2.33326622737189,-2.32050577041107,-2.31109662470926,-2.30155533404304,-2.30314237587436,-2.29651049436262,-2.27397834262303,-2.25901978491957,-2.2430617672894,-2.22551897024032,-2.21594721147118,-2.1963427902964,-2.20205051129469,-2.19266275275432,-2.19309582610649,-2.19041931693713,-2.17582760726611,-2.17671018674695,-2.16059797805828,-2.14790085335964,-2.13785894004458,-2.12994625527946,-2.12831601750579,-2.11488251739768,-2.10033656621844,-2.09294146055735,-2.08441030103161,-2.06782893647422,-2.05205464118268,-2.05481293928347,-2.04590059665471,-2.04143342688084,-2.02054239114043,-2.01479164055127,-2.00361845431472,-1.99409972763506,-1.98021468560206,-1.96162869168291,-1.93825944875075,-1.92014820510249,-1.90717166006922,-1.89791055696782,-1.88165104309619,-1.88495784854361,-1.86203923232724,-1.85483853416916,-1.84525768576778,-1.82274016445187,-1.80417394205528,-1.78410598485639,-1.77582266712968,-1.77960053070494,-1.78167814323888,-1.77058659676915,-1.75782849129685,-1.74795300579311,-1.73595609449976,-1.7407910653592,-1.73165917219275,-1.7316509919748,-1.71813140945365,-1.70463540656187,-1.6947087553569,-1.6865547166057,-1.6831941938297,-1.6582740008538,-1.64759337194833,-1.64351530310001,-1.64588600311743,-1.64340652689355,-1.64107641456762,-1.64679276632115,-1.64735798183857,-1.62824757649398,-1.60640876758703,-1.57150624967016,-1.54903897222701,-1.53761433885202,-1.50662605459925,-1.47019674851626,-1.43582923214258,-1.43095649674421,-1.44118291684454,-1.38975569310452,-1.33001715042656,-1.33141847610754,-1.23225596070921,-1.2010681920768,-1.25726617931303,-1.34310827170445,-1.74771634299614,-4.30324981381595,-4.47057901484225,-4.26867380380136,-7.94591229111026,-8.80413871540108,-12.8551199210344
"34",0,0,0,0,0,0,0,0,0,0,0,0,0,0,0,0,0,0,0,0,0,0,0,0,0,0,0,0,0,0,0,0,0,0,0,0,0,0,0,0,0,0,0,0,0,0,0,0,0,0,0,0,0,0,0,0,0,0,0,0,0,0,0,0,0,0,0,0,0,0,0,0,0,0,0,0,0,0,0,0,0,0,-0.000235562047514085,-0.00023998505025899,-0.000247720031211922,-0.000252718704054414,-0.000258252731336195,-0.000265045919759769,-0.000271872860827503,-0.00027612663156489,-0.00028141126430928,-0.000284816062288743,-0.000290300398177733,-0.000296650583146732,-0.000303400174404934,-0.000309375798781119,-0.000363184748325325,-0.00109308184284033,-0.00112201556976438,-0.00115691629153406,-0.00344174698116767,-0.00374321749528985,-0.00409293621287569,-0.00434825411750407,-0.00457887191272394,-0.00490967925804373,-0.00525586619236597,-0.00556526915110435,-0.0060507736197178,-0.00641880021353665,-0.00669592306883704,-0.00671772844938629,-0.00585634361682547,-0.00634869316739721,-0.0189170182079296,-0.0227461532942035,-0.0268614717089726,-0.0322810699502564,-0.036719701526475,-0.0383224131857691,-0.0430801822658074,-0.046960707715107,-0.0532555976139752,-0.0561465152840354,-0.0596052729335849,-0.0625906064072968,-0.0573874504817853,-0.0519962085293773,-0.0542162323835762,-0.056390418622668,-0.0585796275553708,-0.0722483804134247,-0.0732237659774585,-0.0811674767099864,-0.0837251727455307,-0.0799599105301557,-0.0843904193116103,-0.0952861776782719,-0.0964983882891275,-0.104569668980487,-0.105070808941053,-0.104610015382601,-0.114636511135379,-0.104620649240274,-0.10276710300104,-0.110676630347069,-0.116264966701166,-0.113784000485484,-0.106536817759353,-0.111047705173877,-0.119265894298109,-0.124194261400328,-0.122526274057667,-0.120182293066333,-0.108277861494707,-0.107058640513293,-0.119315291517378,-0.125201312773186,-0.122814452608149,-0.132306394071664,-0.12929120622752,-0.116521872877912,-0.109875684964718,-0.105132364839314,-0.1166521973819,-0.0991426216550474,-0.0905908573080018,-0.0844567430665521,-0.0874628870236253,-0.0708535993478491,-0.0560796233229952,-0.0346043098731702,-0.0425984923794369,-0.0555607244804217,-0.0542737833026256,-0.0502932550802977,-0.0417463030424629,-0.0622164717205212,-0.0540452185009547,-0.0526852157020193,-0.0690144240677584,-0.0779410767344271,-0.108917876149419,-0.100471569526232,-0.111981782208548,-0.122331004477878,-0.126794938068768,-0.138625786971155,-0.13796573619369,-0.137714891778496,-0.120246097539206,-0.114972574501032,-0.12087090220878,-0.12348754673767,-0.121942648902077,-0.121892641962034,-0.125128720618938,-0.122315770668268,-0.123082968271078,-0.132935216327674,-0.131340078725079,-0.145912979956755,-0.14628045102386,-0.160866112965312,-0.15949593588487,-0.166750162315186,-0.161879100663809,-0.178902451003939,-0.193161309293901,-0.192508792892172,-0.185570962230866,-0.181515319463485,-0.191468862294009,-0.200442537261692,-0.198477372744447,-0.209889546961106,-0.217050504136469,-0.232559852021505,-0.248847727594512,-0.24697298619289,-0.251479626990009,-0.269749584606506,-0.270440023238612,-0.263931596064505,-0.263553773627039,-0.286174687521966,-0.288862881854428,-0.296158305563249,-0.290983401578566,-0.302455305880263,-0.309640526428081,-0.325287366693787,-0.337743401306638,-0.322871627311165,-0.336278177734309,-0.343234078779925,-0.352701506110752,-0.35394489358137,-0.351953372366321,-0.357812640998231,-0.358530776824958,-0.356689950863634,-0.360937709652004,-0.367834951325529,-0.368835966115397,-0.374719848691838,-0.375781945848504,-0.37324202626635,-0.374630307490344,-0.379927023161739,-0.386172481021164,-0.392020319345416,-0.393702021297041,-0.395114605272649,-0.400088874740085,-0.395442354165623,-0.4018206658298,-0.405214275991155,-0.41035940062188,-0.410886321585253,-0.416221067243183,-0.421745202092608,-0.425761044909146,-0.42571199136278,-0.429121370007268,-0.430887161573081,-0.427661776828226,-0.42660417556887,-0.42713855478,-0.427310723500636,-0.418607790582123,-0.425205421908641,-0.430949999045746,-0.435189273484157,-0.43984389892062,-0.44490083816769,-0.446137323834566,-0.439520015335326,-0.438099287344297,-0.436683174018278,-0.445599393649884,-0.447458205127069,-0.452591365719112,-0.455993722273662,-0.458596606286694,-0.468376234770347,-0.472441128853499,-0.476408355540353,-0.485347595868795,-0.487920192364958,-0.495662399357969,-0.49514280218053,-0.496361197081908,-0.495718205907604,-0.49961449790066,-0.491438713243236,-0.489458707696312,-0.498062379141305,-0.497083153687791,-0.492074038260974,-0.496742528369214,-0.499849967180194,-0.503618358192354,-0.506817903931141,-0.51279999504492,-0.516966568610414,-0.519878303037558,-0.515113008480368,-0.52018165389713,-0.522400985588959,-0.524856839396209,-0.531425800667375,-0.533727280612004,-0.541124576785732,-0.546329673104397,-0.551293491493197,-0.554145623398413,-0.559480979517477,-0.562622670385954,-0.569834992163459,-0.577572843989591,-0.585331052742845,-0.586265663333247,-0.590066342063434,-0.598396822663595,-0.602403723523001,-0.605493424757321,-0.612048019422695,-0.615232980294579,-0.618517203905901,-0.625535274454502,-0.631784174586854,-0.640136770617436,-0.654657270130304,-0.664118818814016,-0.675047028295709,-0.688087206880401,-0.697183579349966,-0.703320080018891,-0.704558469871889,-0.712245006905886,-0.72330133377148,-0.729205347351286,-0.7383316342362,-0.751582076591954,-0.762991696467965,-0.77641010200697,-0.785499087773514,-0.794056029738413,-0.804823034170818,-0.801025600658601,-0.81106991915518,-0.816222963100873,-0.825822660737757,-0.835268372674333,-0.844001484247138,-0.849304936733056,-0.857774288406823,-0.867186969854488,-0.8746155133639,-0.886081778247415,-0.89433774744301,-0.898134188798016,-0.910461931089222,-0.919563064706165,-0.929055886281836,-0.938142112378109,-0.949195802378946,-0.959628590987411,-0.962213313189382,-0.970607333415292,-0.983459685184394,-1.00008106956321,-1.01225102202483,-1.028580850012,-1.03846218448386,-1.05309830657781,-1.0657460348315,-1.08004947049448,-1.09481670399102,-1.09798562259938,-1.10772547150457,-1.11860449265387,-1.12849879887048,-1.14371351682188,-1.15435171589268,-1.16690623334493,-1.1804094465037,-1.197552449464,-1.21127362439897,-1.2267424487192,-1.23455662350429,-1.24930450681516,-1.25872862340706,-1.26467231377012,-1.28193013066325,-1.29472976643865,-1.30229130664966,-1.30791118243379,-1.32054599172373,-1.32758972506813,-1.33497091114319,-1.35026511906773,-1.36144395246598,-1.37791686345642,-1.39001981419683,-1.40318116502862,-1.40920802639227,-1.41150797577041,-1.42206397287109,-1.4348176144164,-1.44495711854761,-1.45499768978679,-1.46267460856258,-1.46878026756064,-1.47668899175433,-1.49297443103489,-1.50573185416504,-1.51877380831466,-1.53286282479454,-1.53909138225765,-1.55719386885661,-1.57304914336839,-1.58561035257315,-1.5966820469402,-1.60052562451415,-1.61457110584075,-1.62247298575616,-1.63321530390937,-1.63701194819158,-1.64815403782478,-1.66944501490551,-1.67331555677226,-1.68007920459753,-1.68951762695648,-1.69749408576644,-1.70379356446052,-1.71676897381479,-1.72741096573804,-1.73589236735329,-1.74337550089909,-1.75267413963356,-1.76872103568831,-1.78493198153451,-1.79308906992606,-1.80062586732819,-1.79500170857204,-1.80044900822093,-1.80592105895516,-1.808471348226,-1.82010998608945,-1.82245165300337,-1.84563724126876,-1.85595386387756,-1.87605804312513,-1.88922887976857,-1.90287112184677,-1.91529903940634,-1.92170673526074,-1.92867354265872,-1.9428739098373,-1.9528116263351,-1.96668184168855,-1.97412255052277,-1.99451117876058,-2.01139415292272,-2.02229817302295,-2.0450453978473,-2.07298946826089,-2.10524329614694,-2.1272276186098,-2.14011175389215,-2.17726749583605,-2.19626392168171,-2.21213138707906,-2.2331598594586,-2.26037189753999,-2.28639173958257,-2.30940432017806,-2.33091078961476,-2.36277243276131,-2.40426853857619,-2.45262043303257,-2.48947857567755,-2.54723284665596,-2.57225835037164,-2.62695271227692,-2.6959131913311,-2.80325874936281,-2.89115052388431,-3.20645555467113,-3.85391644695145,-4.1806842876864,-4.40187425649291,-4.49871480095024,-4.74287316876902,-5.27730178459029,-5.63064481165491,-6.44124194473694,-14.3862267990855
"35",0,0,0,0,0,0,0,0,0,0,0,0,0,0,0,0,0,0,0,0,0,0,0,0,0,0,0,0,0,0,0,0,0,0,0,0,0,0,0,0,0,0,0,0,0,0,0,0,0,0,0,0,0,0,0,0,0,0,0,0,0,0,0,0,0,0,0,0,0,0,0,0,0,0,0,0,0,0,0,0,0,0,-0.000229007308223657,-0.000233307236686498,-0.000240826984395806,-0.000245686564385145,-0.000251066602064443,-0.000257670763522357,-0.000264307738424802,-0.000268443143922628,-0.000273580726706082,-0.000276890782925033,-0.000282222511922057,-0.000288395996920258,-0.000294957774345647,-0.000300767121257769,-0.000450520586435574,-0.00103835370308355,-0.00106651781491453,-0.00110029328309759,-0.00292961254049102,-0.00320656366214757,-0.00348903757971388,-0.00372278738144968,-0.0039316872066622,-0.00420564049908268,-0.00452518128339218,-0.00486292791045755,-0.00510829913979802,-0.00543554664278421,-0.00557068747068022,-0.00541545098762678,-0.00479611409369467,-0.00517431670516497,-0.00543716223567216,-0.00556699958862988,-0.00593470545793515,-0.00622400451816436,-0.0071211065832749,-0.00344915171830867,-0.00347912602988939,-0.00378795738712196,-0.00334043067476909,-0.00223562890077366,-0.00237731034832638,-0.00279138879131005,0.00236834260301866,0.00703745743371904,0.00781566730012893,0.00904422744228704,0.00930578102635981,0.0095640900541149,0.0103330403181771,0.00931075533218275,0.00923809326018727,0.0211069457419647,0.0231590364597898,0.023832972594139,0.0263396234561521,0.0132054398671687,0.0176049832990335,-0.0420502170079008,-0.0451453387502294,-0.0439548248970352,-0.0393586274209166,-0.0389580771758384,-0.0476062203230802,-0.0428856199548977,-0.0392039527402148,-0.0315462802359743,-0.035531080015514,-0.0314753946140602,-0.0224937259597246,-0.0167767930091334,-0.00333771318390833,0.00221536143397194,0.00495980370586319,-0.0493873334053949,-0.0526005993707979,-0.0560768637926436,-0.043954369020517,-0.038209362200783,-0.0362729885905539,-0.0815432093727891,-0.101823011127157,-0.135659384409566,-0.171457143209104,-0.232354079735029,-0.229928417045663,-0.231586730762055,-0.278604190247131,-0.274117878707703,-0.287597362662728,-0.287220583860722,-0.296682995590338,-0.30977731512977,-0.320980552434801,-0.334075864871546,-0.345563859943773,-0.356294100614741,-0.370130262423372,-0.374146113250734,-0.38109424051727,-0.379497436143053,-0.400365566311753,-0.431885625143039,-0.442084756928826,-0.456169436382104,-0.469541049563932,-0.492630969023853,-0.487242240588465,-0.485900344197007,-0.510217150729725,-0.515144208302182,-0.51714117373128,-0.516195358821401,-0.517805299489086,-0.510273208732066,-0.515746904160523,-0.521332601613892,-0.529498067367751,-0.545967665862476,-0.595799298094663,-0.606215934269265,-0.614281928973682,-0.622757005023618,-0.62582181796477,-0.64083120589151,-0.659435014254344,-0.666896547019958,-0.725996390371234,-0.734703857622024,-0.750996710388146,-0.768603624203142,-0.779301022062271,-0.799752788463129,-0.812688064647951,-0.818154414221956,-0.828118747785079,-0.846627320255028,-0.847389311444314,-0.854716505487711,-0.866900702729371,-0.879574014173436,-0.885134993313338,-0.899122847850763,-0.908990178418004,-0.914549833259116,-0.919340476900555,-0.930466980963876,-0.934267313626953,-0.94457293418918,-0.963210818860886,-0.961768107987022,-0.972677509871881,-0.983567669626507,-0.997527347861328,-1.01288118440958,-1.02158657290016,-1.03164773672246,-1.04238629575406,-1.05112761233343,-1.06733000843556,-1.0788464563691,-1.08661910832375,-1.10048820068876,-1.10549425679764,-1.11052965123804,-1.12389062823507,-1.14166524856207,-1.14737261543822,-1.1590914256081,-1.16491943691367,-1.1860380658214,-1.19189231183712,-1.19813535841135,-1.20657577421287,-1.21530996775378,-1.22973786819501,-1.23237657266134,-1.24212836868803,-1.24815980829959,-1.26037519577342,-1.26595859141954,-1.27754821680402,-1.28062429241755,-1.28427594626357,-1.29425175613748,-1.30817779711097,-1.31154497616973,-1.31661829385083,-1.32529820547481,-1.33992591422723,-1.35425436554279,-1.36125401155996,-1.37650774031591,-1.38554792276667,-1.38178838522533,-1.38731992273915,-1.39893202119254,-1.41137378515051,-1.41870375696029,-1.43122114213844,-1.44030973573628,-1.44037417921033,-1.45419970020335,-1.46090968143877,-1.4657054732651,-1.47183397098509,-1.47857024922004,-1.49087382187055,-1.50019680647717,-1.50807415913968,-1.50828932873346,-1.52336726691863,-1.53366226564576,-1.53588155802068,-1.54865904789116,-1.55459395907686,-1.55802959657814,-1.56351680590826,-1.57344631903931,-1.57924645600712,-1.58671478386864,-1.59801978310448,-1.60495375431624,-1.61197766458784,-1.61138231954086,-1.61642987623638,-1.61670386559113,-1.63388937763245,-1.63926466854684,-1.64160902026445,-1.64934352737669,-1.65491314133266,-1.66618504348767,-1.67404784221449,-1.67351525296417,-1.67927169831,-1.68640814765308,-1.69093315200659,-1.69806875291261,-1.70305802772984,-1.71391273368488,-1.7208035933164,-1.72442039377889,-1.72780185757552,-1.73300476640823,-1.74513357772213,-1.75639263511317,-1.75996120558266,-1.75827930428646,-1.76519177401802,-1.77043673342171,-1.77424217530202,-1.77743318181348,-1.78712158986032,-1.79833956388328,-1.79849039002446,-1.79532954787252,-1.80119234147835,-1.80317401596288,-1.8038435351279,-1.80741745707813,-1.80701677777544,-1.82152205977201,-1.82668483763031,-1.83461262123139,-1.84869705496723,-1.85459145277833,-1.86602174490298,-1.87690136971971,-1.8798708857132,-1.87453891531726,-1.88348601982659,-1.88675998850405,-1.89095102545562,-1.89894748128426,-1.91238516754901,-1.91478149092071,-1.92710683158892,-1.93815673201779,-1.94040517574936,-1.94760359881082,-1.95565095831642,-1.96406503120431,-1.9678990245567,-1.97597736421959,-1.97993807604861,-1.98420721188079,-1.98859050604405,-1.99286914730048,-1.99903605351215,-2.00822801733295,-2.01237646613879,-2.02482514885124,-2.02683489400421,-2.03946849108138,-2.04664506178083,-2.05322337230541,-2.05568703473502,-2.06281505907482,-2.07778502464497,-2.08235923047508,-2.09694890541777,-2.10282005629923,-2.10229338010084,-2.10895615375421,-2.11661894977535,-2.12672754996212,-2.13417385173592,-2.1359730758787,-2.13846620247413,-2.14849257734272,-2.13845245212904,-2.15289391612826,-2.15239805866327,-2.15734534444289,-2.15319303746888,-2.15044828290437,-2.15128013159768,-2.15468535191835,-2.1673798311313,-2.16762600692218,-2.17526958334727,-2.17723776407246,-2.18160599386056,-2.19825960157503,-2.1975233930091,-2.19011435303627,-2.19015252001469,-2.19285093720549,-2.19587754229075,-2.19797832580969,-2.19810868730942,-2.19608644479385,-2.20478250741291,-2.21182298126053,-2.21341902690607,-2.21659834264771,-2.23030441584731,-2.23282146792817,-2.23899667094614,-2.24074264057914,-2.24499372942653,-2.25460409301482,-2.25710896480156,-2.25053430149601,-2.25029711668725,-2.25240195415963,-2.24618954841867,-2.24144300565002,-2.2553883479649,-2.25911321756747,-2.26602097408806,-2.2634203029249,-2.2667718545888,-2.26613275140677,-2.27290212430973,-2.2726914243495,-2.26511043463134,-2.2473873721771,-2.24017579242191,-2.23877921339899,-2.23851982748951,-2.2359742191576,-2.23489278645474,-2.23039438392944,-2.22740013761158,-2.22924850615033,-2.21250832234758,-2.20314650134789,-2.20525406686892,-2.20008048172075,-2.2069971283839,-2.21339449452656,-2.20961309746831,-2.20736404298629,-2.20303910582343,-2.20417836753932,-2.21015986821433,-2.21016202563373,-2.21219437064443,-2.20989126888643,-2.20876808007969,-2.20502583927994,-2.21656981660713,-2.22799031781647,-2.21328332244775,-2.21486780264919,-2.2261615501392,-2.23762857669867,-2.26248378014249,-2.27402149762702,-2.28504746000821,-2.29397035119271,-2.29913680450869,-2.2959137365341,-2.28053979841365,-2.27474162637567,-2.28499234044921,-2.27098942660137,-2.2740786195359,-2.2638531058117,-2.29512477143341,-2.32689659646757,-2.34621015211879,-2.35928659837181,-2.4123965819534,-2.39390861452431,-2.42862633313977,-2.58861634628568,-2.83587299815609,-3.43373880055032,-6.20066658129242,-6.72808456146196,-7.01360892423768,-11.0510277584567,-13.3874491991466,-21.1278405379793
"36",0,0,0,0,0,0,0,0,0,0,0,0,0,0,0,0,0,0,0,0,0,0,0,0,0,0,0,0,0,0,0,0,0,0,0,0,0,0,0,0,0,0,0,0,0,0,0,0,0,0,0,0,0,0,0,0,0,0,0,0,0,0,0,0,0,0,0,0,0,0,0,0,0,0,0,0,0,0,0,0,0,0,-0.000321540914776483,-0.000327578289487982,-0.000338136496455671,-0.000344959657722115,-0.00035251357488899,-0.000361786240171938,-0.000371104977630747,-0.000376911351571626,-0.000384124846550215,-0.000388772377290001,-0.000396258465975741,-0.000404926433950556,-0.000414139589339699,-0.000422296284140703,-0.00062556777640502,-0.000697902349643688,-0.000717115730039243,-0.00073805464507144,-0.000705923180834624,-0.000726218183662651,-0.000789049844892541,-0.000806608135906944,-0.000827711001468086,-0.000738381144375135,-0.000763998198516517,-0.000711832732416189,-0.000984657695615239,-0.00102028928701776,-0.00102387825573556,-0.000947100289519678,-0.00148844100250261,-0.00158265876541357,-0.011100251362112,-0.0132959656117516,-0.0158811953785662,-0.019490800158111,-0.0217156382370598,-0.0237764410127307,-0.0267925983133775,-0.0295076855752246,-0.0282820700731878,-0.0285587512039901,-0.0303619570520392,-0.0325016742176037,-0.0340445311659332,-0.0354308840006537,-0.0360748104156846,-0.0336582420568912,-0.0350259621384665,-0.024538369538627,-0.0253214142254093,-0.0214824023644805,-0.0217716323557958,-0.021808872326359,-0.0161066243199722,-0.02279490657558,-0.0190018185610222,-0.0253005281491097,-0.0257358990896584,-0.0966816462444575,-0.0984947518968403,-0.114866772328311,-0.113023197574723,-0.116606092939062,-0.128920810815248,-0.138025804038312,-0.143779598398225,-0.139604578840921,-0.159237946594083,-0.161541187828822,-0.144350680610931,-0.151353223208052,-0.154779412547475,-0.154111842973889,-0.156294072616181,-0.259840402859314,-0.280501190099307,-0.293414136588879,-0.319901454704955,-0.33295280554923,-0.349552802247656,-0.416149393170567,-0.44166616246414,-0.501330728238244,-0.558324709084153,-0.60846733087552,-0.638814435332362,-0.65959555574451,-0.721098366051523,-0.742503701124272,-0.760443059874085,-0.773129745719416,-0.792790106061493,-0.828630317805451,-0.84902946806136,-0.851558028084969,-0.853522512787702,-0.888229494850133,-0.925227122012445,-0.940409500554871,-0.929445976846297,-0.949539062520501,-0.977984950554629,-1.01774921433247,-1.03816377178902,-1.06876013184812,-1.0999159370928,-1.13393754955018,-1.12741099470243,-1.14961402766646,-1.1933168005748,-1.20831752538146,-1.24616918696072,-1.26798848575437,-1.27815735583617,-1.28640004837897,-1.30859548688823,-1.3371328308911,-1.34853086659412,-1.37025122629249,-1.42994685368017,-1.44821998450463,-1.47410272651913,-1.49793486986206,-1.51307599139096,-1.53376185100438,-1.5583870967569,-1.58503960635602,-1.64473764337275,-1.6796714640664,-1.71358175252753,-1.74472765040343,-1.74897714825505,-1.78393477137797,-1.80983638616267,-1.81699228419387,-1.84769104648585,-1.86875983460423,-1.89808546583141,-1.90627667060558,-1.9318542801453,-1.94540569663598,-1.95283812632518,-1.96303832222655,-1.98325785740825,-1.99049789861649,-2.0079066024682,-2.02631216504746,-2.04202698313394,-2.05514380103586,-2.07555140072308,-2.09379092355241,-2.12621827645289,-2.13517427456852,-2.16294604328215,-2.19449511604107,-2.21328833214914,-2.22947743989336,-2.2522369612666,-2.25832458177762,-2.28517645961124,-2.30858281192844,-2.32655845250579,-2.35163810648709,-2.37226668633563,-2.3862628224899,-2.39389744109852,-2.41880970815253,-2.43754811706728,-2.4562862077767,-2.47661469368064,-2.50945828962155,-2.5198531230552,-2.53988875570566,-2.5290832644855,-2.54644636059111,-2.56955435954696,-2.58379460474821,-2.606218563338,-2.62777861263476,-2.64546287304767,-2.65923448542766,-2.68346240097961,-2.69515709087771,-2.69033525984468,-2.69000813665586,-2.71018925966485,-2.73029988637472,-2.75020783759338,-2.76270129745266,-2.77941212196053,-2.80102910918167,-2.81080252627484,-2.83253535223684,-2.84806091084033,-2.8591510825787,-2.86931677481673,-2.89078834942814,-2.90727361643183,-2.92513275267315,-2.94101521749504,-2.95835493582118,-2.96162006180082,-2.97594784906546,-2.99298213335313,-3.00460722339852,-3.01571884773736,-3.02356656291946,-3.04103427982468,-3.05916872156746,-3.0792159173365,-3.0877001487479,-3.10336611349833,-3.09497642940393,-3.10162234359502,-3.11777734038167,-3.13582271858734,-3.1509392851477,-3.16058187456337,-3.17357107914104,-3.18502010324444,-3.19330333573239,-3.20709343722849,-3.21925480050766,-3.23191996770465,-3.24186370795034,-3.25264853195861,-3.2644657577858,-3.27722435489671,-3.28825945721909,-3.29545874327648,-3.30543718155672,-3.31380437750772,-3.32038764224815,-3.3375280396754,-3.33768300196861,-3.34245597183721,-3.35887106167524,-3.36637601918685,-3.37783939287201,-3.3900186971602,-3.3984297910599,-3.40431453023274,-3.40066216192038,-3.41084989334652,-3.42135775826447,-3.42961584612851,-3.43963152929431,-3.44719922116876,-3.43568467655956,-3.44588154609795,-3.44433785725435,-3.43959635160535,-3.44125051921017,-3.45189828586443,-3.46338073923669,-3.4614063710367,-3.46089453615389,-3.46268934162638,-3.46689047595015,-3.47379695554309,-3.47172970915285,-3.47129382070097,-3.48841295810174,-3.49726691476575,-3.49861678919052,-3.50843806428614,-3.51562117278261,-3.51335952659395,-3.51860487950469,-3.5228902571728,-3.51625636674001,-3.51668970970775,-3.52089750645034,-3.52349977553498,-3.53296668949712,-3.53904169438278,-3.53974328937559,-3.55090281067574,-3.56340070333689,-3.56610842513173,-3.55791006444923,-3.5618324699262,-3.56735984177781,-3.57498039807734,-3.57915827506821,-3.57938625140881,-3.58470370907948,-3.58508104202338,-3.58300186953473,-3.58499146368145,-3.58558066555629,-3.58284312969091,-3.58985259029041,-3.58802901963364,-3.58961785190868,-3.5838178947317,-3.58609514817547,-3.58525371497541,-3.58005621490081,-3.57631788825394,-3.5722437632629,-3.57934890213987,-3.57402264527793,-3.56849108763133,-3.56509742030058,-3.56300054448719,-3.56356664058309,-3.56616363560895,-3.56203808393494,-3.54923261287071,-3.54950616101103,-3.53515391405349,-3.53025222617832,-3.51400846930895,-3.51106034554842,-3.50033567905305,-3.48503342086359,-3.47771325459088,-3.46561682643045,-3.47073011508692,-3.45776511834392,-3.45640152257578,-3.44935469552476,-3.43822239761323,-3.43912512578357,-3.43823215091388,-3.41039698440562,-3.39935953467649,-3.38888697464705,-3.37044457547997,-3.36515954253569,-3.34336350804274,-3.34961195576701,-3.3479954382801,-3.3511116594013,-3.33824441080214,-3.331626866304,-3.33029270227246,-3.3084910063212,-3.29434652931939,-3.27627764003489,-3.25003713827682,-3.25494177279393,-3.23676738800591,-3.22009130658117,-3.21219323520508,-3.20269617099552,-3.19674656139833,-3.17411535552972,-3.17855499594323,-3.15847813045357,-3.14402395089245,-3.12211492266122,-3.11522382991217,-3.10470505094376,-3.09441429649835,-3.07354564169559,-3.05735379122276,-3.03146946576813,-3.00635766526336,-2.98057271626813,-2.96693405108258,-2.95212233761385,-2.95815724003107,-2.93402415763594,-2.92064279852095,-2.9130463861072,-2.89366455526309,-2.86874178523987,-2.83966577949053,-2.83756412639933,-2.83209374672976,-2.84842471025551,-2.83083084302828,-2.80950051052961,-2.78452318896772,-2.77522501779298,-2.77448812289883,-2.76661519967396,-2.75758242040517,-2.74933382163666,-2.72709620805994,-2.71798770940228,-2.70521395837544,-2.6991917700806,-2.67941632563982,-2.67324022777485,-2.660860903222,-2.64934620048065,-2.64380942233028,-2.64029450518077,-2.64186097350879,-2.6320136713673,-2.61608115412704,-2.58418343659185,-2.53097777723139,-2.48203184101854,-2.4465911827846,-2.3903366392454,-2.32661711345374,-2.27091564488982,-2.27152394655144,-2.27162624254699,-2.24602734096709,-2.2241851363217,-2.25075038833622,-2.18697017592876,-1.99405828184021,-1.81980467720113,-1.9760878890798,-2.46619590881289,-5.25745533945234,-5.66852935711135,-5.95099273646398,-10.6897462556143,-13.9998274131002,-19.1118490940538
"37",0,0,0,0,0,0,0,0,0,0,0,0,0,0,0,0,0,0,0,0,0,0,0,0,0,0,0,0,0,0,0,0,0,0,0,0,0,0,0,0,0,0,0,0,0,0,0,0,0,0,0,0,0,0,0,0,0,0,0,0,0,0,0,0,0,0,0,0,0,0,0,0,0,0,0,0,0,0,0,0,0,0,-0.000194834738052512,-0.000198493029319306,-0.000204890677003685,-0.000209025108352687,-0.000213602334468693,-0.00021922102008047,-0.000224867622700326,-0.00022838594119051,-0.000232756891635722,-0.000235573019825519,-0.000240109145901855,-0.000245361420782618,-0.000250944046925629,-0.000255886520563979,-0.000243378754820739,-0.000917110723585684,-0.000941260569691922,-0.000970546661235555,-0.000944346707742244,-0.000974685132057791,-0.00100022328925443,-0.00102622731999595,-0.00104670086193668,-0.000944188733489257,-0.00097040672605763,-0.00118894583589789,-0.00195760213584815,-0.00203699444552321,-0.0019607335129337,-0.00237130904468533,-0.00243953769970896,-0.00267604809722354,-0.00268317297316723,-0.00318684887564204,-0.00383731889053903,-0.00408786075221513,-0.0050754853439621,-0.00684968157692385,-0.00704431498213142,-0.00759209078624629,-0.0081690489025409,-0.0118124360982814,-0.0132066938351732,-0.0144851959485946,-0.0154775748428056,-0.016728546477025,-0.018130501335411,-0.0192446365998542,-0.0205117957614368,-0.0217231579364068,-0.0211743484764941,-0.0226058395398656,-0.0233444665222088,-0.0250611125555852,-0.0273656990059314,-0.028222772005944,-0.0292701703762313,-0.0292771817343221,-0.0309813237488461,-0.0343152998382121,-0.0356931663566114,-0.0371941266496407,-0.0399659081297293,-0.042751104030903,-0.0431742918313081,-0.0429376027760232,-0.0419324460749889,-0.0449916292302842,-0.0477935781325443,-0.0492979889279983,-0.0512377574772829,-0.0513617550698327,-0.0539823428904359,-0.0583734856982274,-0.0591674525041698,-0.0621733326112889,-0.0638170973913915,-0.0617903479495714,-0.062064237261922,-0.0645006900409982,-0.0640436453204728,-0.0645765698498478,-0.0644918282777379,-0.0695853570905191,-0.0664955399238853,-0.0662859394820529,-0.0619155325108467,-0.0620282558009272,-0.0610465436142572,-0.0545005269389479,-0.0547602672634608,-0.0543322475405265,-0.0561603120868245,-0.0544087417034324,-0.0628341484964403,-0.0599137957035402,-0.0598135442203526,-0.0590822853570604,-0.0607595018091534,-0.0570115797939189,-0.0552221860439407,-0.0548948004051235,-0.0540738379215817,-0.0572310986873356,-0.0587267291430903,-0.0622761144357103,-0.0601358522142515,-0.0605394714442799,-0.0591311658674479,-0.0638336007769941,-0.0634042912116495,-0.0646820125168096,-0.0627946309815125,-0.0679118625637197,-0.0669695748326807,-0.0676206205964294,-0.0682428126935592,-0.0713389185027234,-0.0702793353688139,-0.0708904021618394,-0.0751783682467336,-0.0731173800343125,-0.0775583070852155,-0.0818357725858526,-0.0850311677154834,-0.0852111394724472,-0.0885211365795541,-0.0869855562483374,-0.0908520935706129,-0.089012056802141,-0.0911432192640874,-0.0908274960618368,-0.0917738877756032,-0.0902025672246888,-0.092119350674794,-0.0928933420914811,-0.0916088404314832,-0.092144352944546,-0.0938021721645038,-0.101208495571084,-0.0988984658600225,-0.101015467265062,-0.0986781739166439,-0.100124120417324,-0.101420606926634,-0.101252517107525,-0.10529299738528,-0.109157644552395,-0.109255160917914,-0.10985581256824,-0.112929523819996,-0.113998481449348,-0.116647304740695,-0.11898099226803,-0.123469787333449,-0.124397729281231,-0.122853214326295,-0.124131551184659,-0.126786545979051,-0.125818810859605,-0.127543032971645,-0.130233491211964,-0.131980454867255,-0.132325873218749,-0.133236833288718,-0.137358307842954,-0.139113176628474,-0.141505543189208,-0.143304401917369,-0.146118389794483,-0.148803711339246,-0.150272568172454,-0.151498555913682,-0.155738806440131,-0.15579912284522,-0.159133124575384,-0.159176240534148,-0.16193016756379,-0.164444697241369,-0.166577085191984,-0.167855944429317,-0.169524027360461,-0.170639265528885,-0.172345959629958,-0.173741578258616,-0.17596143894625,-0.177674023836059,-0.180466762043036,-0.184611337687445,-0.187909832637326,-0.190983137387591,-0.193816610203668,-0.196353381013926,-0.199811588046315,-0.203001688727183,-0.203501907233037,-0.203076364344378,-0.204358120725099,-0.206258572665149,-0.209339756466742,-0.210930198169882,-0.213966958908655,-0.217064321239862,-0.219046287909459,-0.221089665723522,-0.223644369095128,-0.22576865212305,-0.22841958952976,-0.232735099011701,-0.235028811795861,-0.235375625779104,-0.234924829528074,-0.237147229550804,-0.237546031296987,-0.238988966643401,-0.240662367173408,-0.242787341164168,-0.245286816223853,-0.246684561874265,-0.248316912588219,-0.249917996480559,-0.250415169943538,-0.252627074292817,-0.254193363217119,-0.255487710973972,-0.256645755278134,-0.258976532090487,-0.2588493267897,-0.259517088326745,-0.260800311707235,-0.261572355817495,-0.262156871696027,-0.263916910657509,-0.264060231816341,-0.266030916468629,-0.268638955149536,-0.267784041933818,-0.267729805865006,-0.267696193813447,-0.268827067351949,-0.268277123961352,-0.268738428478171,-0.268386591907379,-0.268847541627836,-0.269955552394798,-0.2706955479161,-0.270999275253536,-0.270977356130469,-0.271464147121216,-0.270875049313239,-0.270715526934368,-0.27148252269542,-0.272325366824221,-0.271832414924615,-0.272891401326586,-0.273196841945909,-0.273021454606799,-0.272753644525964,-0.272851073113205,-0.273586902362943,-0.273419183697409,-0.273316836590542,-0.27303399586006,-0.273148309068433,-0.272956488770899,-0.273617803786018,-0.273781529679727,-0.273533062369242,-0.273684998040445,-0.273431073542299,-0.273138337794493,-0.272010387557547,-0.271778107650168,-0.271739280831169,-0.268461906224811,-0.267739213343359,-0.266945371063231,-0.265387140796227,-0.264387099547592,-0.263556437239271,-0.262175322395802,-0.260221237342651,-0.259206821847839,-0.257432304307883,-0.256915542771526,-0.255756653823743,-0.254144796277852,-0.253895568606516,-0.253182950741528,-0.25205186211874,-0.251131284793221,-0.248767280406408,-0.246561627118449,-0.245380884728396,-0.242585965857347,-0.240231018592507,-0.238155684970418,-0.235682111256336,-0.23210228042661,-0.229839702947831,-0.22697927911624,-0.224397723038958,-0.222095248948292,-0.221136817772744,-0.218852168269145,-0.217034038358653,-0.214647049073601,-0.211700244786567,-0.208316380148003,-0.205257337426434,-0.202980830233837,-0.200969408906202,-0.19780408313099,-0.195341776224921,-0.192668259467471,-0.189759523166671,-0.18698562178122,-0.183754496151502,-0.181636636275949,-0.18019657152421,-0.177804728824518,-0.175788925300126,-0.17392710930657,-0.171448170628049,-0.169632157586383,-0.16715236848668,-0.163363718076853,-0.160342475007396,-0.157293658148299,-0.153357004582491,-0.152037688252503,-0.150479798905388,-0.147191716073602,-0.145075712687859,-0.142284085378958,-0.140706160536723,-0.136487153564089,-0.132696065927378,-0.130381426438739,-0.128254364739727,-0.124701103867302,-0.121557680818488,-0.120151520909961,-0.117924792010423,-0.116287945238677,-0.114096469681645,-0.111840976395307,-0.109867825341771,-0.109372294981595,-0.108094953600155,-0.105333529583212,-0.102789249297297,-0.101086147374184,-0.0986986636673772,-0.0977530856663128,-0.0972502545388152,-0.0953045029062286,-0.092940913913792,-0.0920409031923699,-0.0896071701426153,-0.0851650567826263,-0.0830601469239854,-0.0804610910427765,-0.0797975096522587,-0.0792898680183299,-0.0765438075625025,-0.0745922851697591,-0.0720569900876998,-0.0701469283818383,-0.0693308299319426,-0.069657302761963,-0.0690632053678174,-0.069097390532013,-0.0660150803247948,-0.0677200553807736,-0.0638679816630464,-0.0617403624737978,-0.0591684006981495,-0.0587983465043795,-0.0567372733507138,-0.0577403522295364,-0.057650237421944,-0.0566513984678355,-0.0555824042244306,-0.0529499692959056,-0.0522970462837596,-0.0515770675302228,-0.0501353784792758,-0.0479566182616422,-0.0487637026576868,-0.0464883171885894,-0.0424071504623186,-0.037684534024638,-0.0304474241623385,-0.0252565910385418,-0.0198442363005866,-0.0165015102185559,-0.010383527996394,-0.00607176480263272,0.000160627029168248,0.0241719924265748,0.0365149558396239,0.0459481810189423,0.0578525775774857,0.0667374595754908,0.0717954646652266,0.0686191824839551,0.0122739656873987,-0.00901025606014627,0.0261587405492612,0.0706929634795339,0.210172791339058,0.401074701075213,0.665647984329334,0.955488372427672,1.46220083210904,2.0602130552695,4.15980157161364
